0 1 
1.73233 1
1.73233 2 
1.75071 2
1.75071 3 
1.79901 3
1.79901 4 
1.8225 4
1.8225 5 
2.08097 5
2.08097 6 
2.13003 6
2.13003 7 
2.14898 7
2.14898 8 
2.18457 8
2.18457 9 
2.22553 9
2.22553 10 
2.25347 10
2.25347 11 
2.26353 11
2.26353 12 
2.31519 12
2.31519 13 
2.39283 13
2.39283 14 
2.42318 14
2.42318 15 
2.4584 15
2.4584 16 
2.46479 16
2.46479 17 
2.47373 17
2.47373 18 
2.51021 18
2.51021 19 
2.51339 19
2.51339 20 
2.53407 20
2.53407 21 
2.54436 21
2.54436 22 
2.57878 22
2.57878 23 
2.60749 23
2.60749 24 
2.61333 24
2.61333 25 
2.63796 25
2.63796 26 
2.64155 26
2.64155 27 
2.64815 27
2.64815 28 
2.66539 28
2.66539 29 
2.67259 29
2.67259 30 
2.67901 30
2.67901 31 
2.70622 31
2.70622 32 
2.73266 32
2.73266 33 
2.75241 33
2.75241 34 
2.75751 34
2.75751 35 
2.79267 35
2.79267 36 
2.82447 36
2.82447 37 
2.84793 37
2.84793 38 
2.84986 38
2.84986 39 
2.86054 39
2.86054 40 
2.86478 40
2.86478 41 
2.87155 41
2.87155 42 
2.8854 42
2.8854 43 
2.88586 43
2.88586 44 
2.89416 44
2.89416 45 
2.90589 45
2.90589 46 
2.93444 46
2.93444 47 
2.94674 47
2.94674 48 
2.97741 48
2.97741 49 
2.98833 49
2.98833 50 
3.00217 50
3.00217 51 
3.00576 51
3.00576 52 
3.00659 52
3.00659 53 
3.02112 53
3.02112 54 
3.02698 54
3.02698 55 
3.02808 55
3.02808 56 
3.03968 56
3.03968 57 
3.06009 57
3.06009 58 
3.06197 58
3.06197 59 
3.07853 59
3.07853 60 
3.0807 60
3.0807 61 
3.09194 61
3.09194 62 
3.09409 62
3.09409 63 
3.09597 63
3.09597 64 
3.09843 64
3.09843 65 
3.09867 65
3.09867 66 
3.11323 66
3.11323 67 
3.12602 67
3.12602 68 
3.12748 68
3.12748 69 
3.13039 69
3.13039 70 
3.13757 70
3.13757 71 
3.14521 71
3.14521 72 
3.14835 72
3.14835 73 
3.15138 73
3.15138 74 
3.15399 74
3.15399 75 
3.15659 75
3.15659 76 
3.15666 76
3.15666 77 
3.15692 77
3.15692 78 
3.16982 78
3.16982 79 
3.17485 79
3.17485 80 
3.18126 80
3.18126 81 
3.19159 81
3.19159 82 
3.21609 82
3.21609 83 
3.21855 83
3.21855 84 
3.23696 84
3.23696 85 
3.25205 85
3.25205 86 
3.26983 86
3.26983 87 
3.27067 87
3.27067 88 
3.27086 88
3.27086 89 
3.27831 89
3.27831 90 
3.28234 90
3.28234 91 
3.28234 91
3.28234 92 
3.28927 92
3.28927 93 
3.29059 93
3.29059 94 
3.30491 94
3.30491 95 
3.30566 95
3.30566 96 
3.31096 96
3.31096 97 
3.31524 97
3.31524 98 
3.31791 98
3.31791 99 
3.33004 99
3.33004 100 
3.34196 100
3.34196 101 
3.34212 101
3.34212 102 
3.34286 102
3.34286 103 
3.3474 103
3.3474 104 
3.35065 104
3.35065 105 
3.35385 105
3.35385 106 
3.35518 106
3.35518 107 
3.36167 107
3.36167 108 
3.38509 108
3.38509 109 
3.38534 109
3.38534 110 
3.3867 110
3.3867 111 
3.3898 111
3.3898 112 
3.40192 112
3.40192 113 
3.42072 113
3.42072 114 
3.42703 114
3.42703 115 
3.42776 115
3.42776 116 
3.43271 116
3.43271 117 
3.43697 117
3.43697 118 
3.45203 118
3.45203 119 
3.45769 119
3.45769 120 
3.4582 120
3.4582 121 
3.45831 121
3.45831 122 
3.46634 122
3.46634 123 
3.47983 123
3.47983 124 
3.48195 124
3.48195 125 
3.49003 125
3.49003 126 
3.49715 126
3.49715 127 
3.50734 127
3.50734 128 
3.51006 128
3.51006 129 
3.51218 129
3.51218 130 
3.51222 130
3.51222 131 
3.51599 131
3.51599 132 
3.51923 132
3.51923 133 
3.52297 133
3.52297 134 
3.52436 134
3.52436 135 
3.53131 135
3.53131 136 
3.53387 136
3.53387 137 
3.54089 137
3.54089 138 
3.54176 138
3.54176 139 
3.54707 139
3.54707 140 
3.54826 140
3.54826 141 
3.55348 141
3.55348 142 
3.55689 142
3.55689 143 
3.5587 143
3.5587 144 
3.56087 144
3.56087 145 
3.56751 145
3.56751 146 
3.56776 146
3.56776 147 
3.57508 147
3.57508 148 
3.57626 148
3.57626 149 
3.59115 149
3.59115 150 
3.59819 150
3.59819 151 
3.59879 151
3.59879 152 
3.60315 152
3.60315 153 
3.60622 153
3.60622 154 
3.60887 154
3.60887 155 
3.61398 155
3.61398 156 
3.61831 156
3.61831 157 
3.62968 157
3.62968 158 
3.63411 158
3.63411 159 
3.63657 159
3.63657 160 
3.63843 160
3.63843 161 
3.6398 161
3.6398 162 
3.64857 162
3.64857 163 
3.64952 163
3.64952 164 
3.65002 164
3.65002 165 
3.65167 165
3.65167 166 
3.65328 166
3.65328 167 
3.65352 167
3.65352 168 
3.65533 168
3.65533 169 
3.65988 169
3.65988 170 
3.66068 170
3.66068 171 
3.66535 171
3.66535 172 
3.67371 172
3.67371 173 
3.67656 173
3.67656 174 
3.68044 174
3.68044 175 
3.68073 175
3.68073 176 
3.6809 176
3.6809 177 
3.6873 177
3.6873 178 
3.69441 178
3.69441 179 
3.70161 179
3.70161 180 
3.70164 180
3.70164 181 
3.70714 181
3.70714 182 
3.7148 182
3.7148 183 
3.71486 183
3.71486 184 
3.71537 184
3.71537 185 
3.71658 185
3.71658 186 
3.72012 186
3.72012 187 
3.72069 187
3.72069 188 
3.72492 188
3.72492 189 
3.72748 189
3.72748 190 
3.73151 190
3.73151 191 
3.73451 191
3.73451 192 
3.74368 192
3.74368 193 
3.74432 193
3.74432 194 
3.74648 194
3.74648 195 
3.75123 195
3.75123 196 
3.75136 196
3.75136 197 
3.75383 197
3.75383 198 
3.7557 198
3.7557 199 
3.75828 199
3.75828 200 
3.76105 200
3.76105 201 
3.76405 201
3.76405 202 
3.7659 202
3.7659 203 
3.76897 203
3.76897 204 
3.77068 204
3.77068 205 
3.77121 205
3.77121 206 
3.77143 206
3.77143 207 
3.77499 207
3.77499 208 
3.77855 208
3.77855 209 
3.77912 209
3.77912 210 
3.78178 210
3.78178 211 
3.7844 211
3.7844 212 
3.78516 212
3.78516 213 
3.78522 213
3.78522 214 
3.78751 214
3.78751 215 
3.79106 215
3.79106 216 
3.80073 216
3.80073 217 
3.80987 217
3.80987 218 
3.81211 218
3.81211 219 
3.81377 219
3.81377 220 
3.81387 220
3.81387 221 
3.83089 221
3.83089 222 
3.83198 222
3.83198 223 
3.83391 223
3.83391 224 
3.83498 224
3.83498 225 
3.84123 225
3.84123 226 
3.84283 226
3.84283 227 
3.84322 227
3.84322 228 
3.84542 228
3.84542 229 
3.84815 229
3.84815 230 
3.85016 230
3.85016 231 
3.85183 231
3.85183 232 
3.85402 232
3.85402 233 
3.85437 233
3.85437 234 
3.85523 234
3.85523 235 
3.85959 235
3.85959 236 
3.86104 236
3.86104 237 
3.86373 237
3.86373 238 
3.8639 238
3.8639 239 
3.86483 239
3.86483 240 
3.86503 240
3.86503 241 
3.87092 241
3.87092 242 
3.87464 242
3.87464 243 
3.877 243
3.877 244 
3.87708 244
3.87708 245 
3.87844 245
3.87844 246 
3.87928 246
3.87928 247 
3.88646 247
3.88646 248 
3.88747 248
3.88747 249 
3.89454 249
3.89454 250 
3.89997 250
3.89997 251 
3.90344 251
3.90344 252 
3.90375 252
3.90375 253 
3.90817 253
3.90817 254 
3.90851 254
3.90851 255 
3.91156 255
3.91156 256 
3.91557 256
3.91557 257 
3.91566 257
3.91566 258 
3.91871 258
3.91871 259 
3.91927 259
3.91927 260 
3.91975 260
3.91975 261 
3.9249 261
3.9249 262 
3.92529 262
3.92529 263 
3.92678 263
3.92678 264 
3.92807 264
3.92807 265 
3.92864 265
3.92864 266 
3.92989 266
3.92989 267 
3.93038 267
3.93038 268 
3.93308 268
3.93308 269 
3.93336 269
3.93336 270 
3.93384 270
3.93384 271 
3.93525 271
3.93525 272 
3.93673 272
3.93673 273 
3.93726 273
3.93726 274 
3.94058 274
3.94058 275 
3.94173 275
3.94173 276 
3.94537 276
3.94537 277 
3.95259 277
3.95259 278 
3.95425 278
3.95425 279 
3.95627 279
3.95627 280 
3.95993 280
3.95993 281 
3.96043 281
3.96043 282 
3.96254 282
3.96254 283 
3.96695 283
3.96695 284 
3.96793 284
3.96793 285 
3.97458 285
3.97458 286 
3.97984 286
3.97984 287 
3.97988 287
3.97988 288 
3.98285 288
3.98285 289 
3.99344 289
3.99344 290 
3.99415 290
3.99415 291 
3.99462 291
3.99462 292 
3.99851 292
3.99851 293 
4.00756 293
4.00756 294 
4.00841 294
4.00841 295 
4.01051 295
4.01051 296 
4.0123 296
4.0123 297 
4.01515 297
4.01515 298 
4.01804 298
4.01804 299 
4.01976 299
4.01976 300 
4.02111 300
4.02111 301 
4.02134 301
4.02134 302 
4.02174 302
4.02174 303 
4.02355 303
4.02355 304 
4.02481 304
4.02481 305 
4.02644 305
4.02644 306 
4.02767 306
4.02767 307 
4.02792 307
4.02792 308 
4.03003 308
4.03003 309 
4.03407 309
4.03407 310 
4.0341 310
4.0341 311 
4.03686 311
4.03686 312 
4.03851 312
4.03851 313 
4.0424 313
4.0424 314 
4.04402 314
4.04402 315 
4.04542 315
4.04542 316 
4.05055 316
4.05055 317 
4.05066 317
4.05066 318 
4.05135 318
4.05135 319 
4.05693 319
4.05693 320 
4.06226 320
4.06226 321 
4.06297 321
4.06297 322 
4.06346 322
4.06346 323 
4.0699 323
4.0699 324 
4.07025 324
4.07025 325 
4.07175 325
4.07175 326 
4.07467 326
4.07467 327 
4.07587 327
4.07587 328 
4.07587 328
4.07587 329 
4.07692 329
4.07692 330 
4.08 330
4.08 331 
4.08026 331
4.08026 332 
4.08171 332
4.08171 333 
4.08236 333
4.08236 334 
4.08344 334
4.08344 335 
4.08443 335
4.08443 336 
4.08728 336
4.08728 337 
4.08809 337
4.08809 338 
4.09252 338
4.09252 339 
4.09684 339
4.09684 340 
4.09864 340
4.09864 341 
4.09931 341
4.09931 342 
4.10008 342
4.10008 343 
4.10013 343
4.10013 344 
4.10081 344
4.10081 345 
4.10213 345
4.10213 346 
4.1048 346
4.1048 347 
4.10655 347
4.10655 348 
4.11013 348
4.11013 349 
4.11222 349
4.11222 350 
4.11774 350
4.11774 351 
4.11819 351
4.11819 352 
4.12062 352
4.12062 353 
4.12247 353
4.12247 354 
4.12284 354
4.12284 355 
4.12418 355
4.12418 356 
4.12708 356
4.12708 357 
4.12956 357
4.12956 358 
4.13086 358
4.13086 359 
4.13661 359
4.13661 360 
4.13713 360
4.13713 361 
4.13738 361
4.13738 362 
4.13799 362
4.13799 363 
4.13871 363
4.13871 364 
4.14189 364
4.14189 365 
4.1421 365
4.1421 366 
4.14394 366
4.14394 367 
4.14483 367
4.14483 368 
4.14805 368
4.14805 369 
4.14926 369
4.14926 370 
4.15053 370
4.15053 371 
4.15528 371
4.15528 372 
4.15614 372
4.15614 373 
4.15631 373
4.15631 374 
4.15647 374
4.15647 375 
4.15678 375
4.15678 376 
4.16022 376
4.16022 377 
4.16059 377
4.16059 378 
4.16338 378
4.16338 379 
4.1637 379
4.1637 380 
4.16547 380
4.16547 381 
4.16561 381
4.16561 382 
4.16581 382
4.16581 383 
4.16642 383
4.16642 384 
4.16673 384
4.16673 385 
4.16677 385
4.16677 386 
4.16908 386
4.16908 387 
4.17068 387
4.17068 388 
4.17261 388
4.17261 389 
4.17358 389
4.17358 390 
4.17598 390
4.17598 391 
4.17753 391
4.17753 392 
4.17815 392
4.17815 393 
4.17839 393
4.17839 394 
4.18031 394
4.18031 395 
4.18077 395
4.18077 396 
4.18183 396
4.18183 397 
4.18219 397
4.18219 398 
4.18357 398
4.18357 399 
4.18362 399
4.18362 400 
4.18384 400
4.18384 401 
4.18661 401
4.18661 402 
4.1868 402
4.1868 403 
4.18686 403
4.18686 404 
4.18702 404
4.18702 405 
4.18772 405
4.18772 406 
4.19046 406
4.19046 407 
4.19305 407
4.19305 408 
4.19402 408
4.19402 409 
4.19902 409
4.19902 410 
4.20016 410
4.20016 411 
4.20098 411
4.20098 412 
4.20099 412
4.20099 413 
4.2018 413
4.2018 414 
4.20285 414
4.20285 415 
4.20339 415
4.20339 416 
4.20686 416
4.20686 417 
4.20771 417
4.20771 418 
4.20849 418
4.20849 419 
4.20891 419
4.20891 420 
4.21003 420
4.21003 421 
4.21059 421
4.21059 422 
4.21397 422
4.21397 423 
4.21442 423
4.21442 424 
4.21519 424
4.21519 425 
4.21575 425
4.21575 426 
4.21765 426
4.21765 427 
4.21766 427
4.21766 428 
4.22314 428
4.22314 429 
4.22398 429
4.22398 430 
4.22662 430
4.22662 431 
4.22792 431
4.22792 432 
4.23092 432
4.23092 433 
4.2337 433
4.2337 434 
4.23409 434
4.23409 435 
4.23472 435
4.23472 436 
4.23494 436
4.23494 437 
4.23595 437
4.23595 438 
4.23603 438
4.23603 439 
4.23911 439
4.23911 440 
4.24054 440
4.24054 441 
4.2412 441
4.2412 442 
4.24137 442
4.24137 443 
4.24213 443
4.24213 444 
4.24314 444
4.24314 445 
4.24375 445
4.24375 446 
4.24431 446
4.24431 447 
4.245 447
4.245 448 
4.24905 448
4.24905 449 
4.24926 449
4.24926 450 
4.25005 450
4.25005 451 
4.25009 451
4.25009 452 
4.25035 452
4.25035 453 
4.25319 453
4.25319 454 
4.25355 454
4.25355 455 
4.25366 455
4.25366 456 
4.2537 456
4.2537 457 
4.25408 457
4.25408 458 
4.25493 458
4.25493 459 
4.2557 459
4.2557 460 
4.25643 460
4.25643 461 
4.25783 461
4.25783 462 
4.25831 462
4.25831 463 
4.25876 463
4.25876 464 
4.26128 464
4.26128 465 
4.26182 465
4.26182 466 
4.26409 466
4.26409 467 
4.26534 467
4.26534 468 
4.26599 468
4.26599 469 
4.26622 469
4.26622 470 
4.26686 470
4.26686 471 
4.26716 471
4.26716 472 
4.26862 472
4.26862 473 
4.26999 473
4.26999 474 
4.27504 474
4.27504 475 
4.27633 475
4.27633 476 
4.27707 476
4.27707 477 
4.27775 477
4.27775 478 
4.27872 478
4.27872 479 
4.27913 479
4.27913 480 
4.2815 480
4.2815 481 
4.28409 481
4.28409 482 
4.28573 482
4.28573 483 
4.28651 483
4.28651 484 
4.28764 484
4.28764 485 
4.29263 485
4.29263 486 
4.29298 486
4.29298 487 
4.29305 487
4.29305 488 
4.29339 488
4.29339 489 
4.29407 489
4.29407 490 
4.29514 490
4.29514 491 
4.29524 491
4.29524 492 
4.29605 492
4.29605 493 
4.29732 493
4.29732 494 
4.29841 494
4.29841 495 
4.299 495
4.299 496 
4.30336 496
4.30336 497 
4.30447 497
4.30447 498 
4.305 498
4.305 499 
4.30552 499
4.30552 500 
4.30911 500
4.30911 501 
4.31085 501
4.31085 502 
4.31149 502
4.31149 503 
4.3115 503
4.3115 504 
4.31236 504
4.31236 505 
4.31351 505
4.31351 506 
4.3144 506
4.3144 507 
4.31514 507
4.31514 508 
4.31543 508
4.31543 509 
4.31606 509
4.31606 510 
4.31634 510
4.31634 511 
4.31755 511
4.31755 512 
4.31844 512
4.31844 513 
4.31915 513
4.31915 514 
4.32335 514
4.32335 515 
4.32344 515
4.32344 516 
4.3237 516
4.3237 517 
4.32411 517
4.32411 518 
4.32464 518
4.32464 519 
4.3276 519
4.3276 520 
4.32776 520
4.32776 521 
4.3282 521
4.3282 522 
4.33676 522
4.33676 523 
4.33737 523
4.33737 524 
4.33744 524
4.33744 525 
4.33821 525
4.33821 526 
4.33927 526
4.33927 527 
4.33999 527
4.33999 528 
4.3438 528
4.3438 529 
4.34557 529
4.34557 530 
4.34706 530
4.34706 531 
4.34825 531
4.34825 532 
4.34833 532
4.34833 533 
4.34851 533
4.34851 534 
4.34938 534
4.34938 535 
4.34991 535
4.34991 536 
4.35302 536
4.35302 537 
4.35308 537
4.35308 538 
4.35645 538
4.35645 539 
4.35671 539
4.35671 540 
4.3572 540
4.3572 541 
4.35899 541
4.35899 542 
4.35989 542
4.35989 543 
4.36067 543
4.36067 544 
4.36083 544
4.36083 545 
4.36311 545
4.36311 546 
4.36326 546
4.36326 547 
4.36339 547
4.36339 548 
4.36605 548
4.36605 549 
4.36717 549
4.36717 550 
4.36803 550
4.36803 551 
4.37313 551
4.37313 552 
4.37346 552
4.37346 553 
4.37396 553
4.37396 554 
4.37425 554
4.37425 555 
4.37499 555
4.37499 556 
4.37503 556
4.37503 557 
4.37626 557
4.37626 558 
4.37663 558
4.37663 559 
4.37927 559
4.37927 560 
4.38196 560
4.38196 561 
4.38385 561
4.38385 562 
4.38693 562
4.38693 563 
4.38711 563
4.38711 564 
4.38854 564
4.38854 565 
4.38925 565
4.38925 566 
4.38949 566
4.38949 567 
4.39181 567
4.39181 568 
4.39276 568
4.39276 569 
4.39294 569
4.39294 570 
4.3955 570
4.3955 571 
4.3958 571
4.3958 572 
4.39583 572
4.39583 573 
4.39596 573
4.39596 574 
4.39596 574
4.39596 575 
4.39703 575
4.39703 576 
4.39767 576
4.39767 577 
4.40033 577
4.40033 578 
4.40142 578
4.40142 579 
4.40245 579
4.40245 580 
4.4038 580
4.4038 581 
4.40536 581
4.40536 582 
4.40719 582
4.40719 583 
4.40732 583
4.40732 584 
4.41457 584
4.41457 585 
4.41695 585
4.41695 586 
4.41721 586
4.41721 587 
4.41893 587
4.41893 588 
4.4207 588
4.4207 589 
4.42095 589
4.42095 590 
4.42405 590
4.42405 591 
4.42786 591
4.42786 592 
4.42909 592
4.42909 593 
4.42913 593
4.42913 594 
4.43193 594
4.43193 595 
4.43279 595
4.43279 596 
4.43318 596
4.43318 597 
4.43498 597
4.43498 598 
4.43556 598
4.43556 599 
4.4357 599
4.4357 600 
4.4379 600
4.4379 601 
4.43952 601
4.43952 602 
4.44081 602
4.44081 603 
4.44475 603
4.44475 604 
4.44527 604
4.44527 605 
4.44686 605
4.44686 606 
4.44931 606
4.44931 607 
4.44957 607
4.44957 608 
4.45425 608
4.45425 609 
4.45578 609
4.45578 610 
4.4562 610
4.4562 611 
4.45646 611
4.45646 612 
4.45668 612
4.45668 613 
4.4587 613
4.4587 614 
4.45908 614
4.45908 615 
4.45919 615
4.45919 616 
4.45999 616
4.45999 617 
4.46009 617
4.46009 618 
4.46199 618
4.46199 619 
4.46652 619
4.46652 620 
4.46779 620
4.46779 621 
4.4679 621
4.4679 622 
4.46831 622
4.46831 623 
4.46904 623
4.46904 624 
4.4694 624
4.4694 625 
4.47018 625
4.47018 626 
4.47142 626
4.47142 627 
4.47189 627
4.47189 628 
4.47311 628
4.47311 629 
4.47317 629
4.47317 630 
4.47328 630
4.47328 631 
4.47553 631
4.47553 632 
4.47674 632
4.47674 633 
4.47693 633
4.47693 634 
4.47734 634
4.47734 635 
4.47832 635
4.47832 636 
4.47837 636
4.47837 637 
4.47862 637
4.47862 638 
4.48088 638
4.48088 639 
4.48131 639
4.48131 640 
4.48282 640
4.48282 641 
4.48376 641
4.48376 642 
4.48566 642
4.48566 643 
4.48579 643
4.48579 644 
4.48597 644
4.48597 645 
4.49191 645
4.49191 646 
4.49318 646
4.49318 647 
4.49329 647
4.49329 648 
4.49339 648
4.49339 649 
4.4941 649
4.4941 650 
4.49503 650
4.49503 651 
4.49617 651
4.49617 652 
4.49761 652
4.49761 653 
4.49761 653
4.49761 654 
4.50071 654
4.50071 655 
4.50147 655
4.50147 656 
4.50155 656
4.50155 657 
4.50288 657
4.50288 658 
4.50337 658
4.50337 659 
4.50526 659
4.50526 660 
4.50548 660
4.50548 661 
4.50626 661
4.50626 662 
4.50745 662
4.50745 663 
4.50974 663
4.50974 664 
4.51174 664
4.51174 665 
4.5123 665
4.5123 666 
4.51432 666
4.51432 667 
4.51454 667
4.51454 668 
4.5153 668
4.5153 669 
4.51883 669
4.51883 670 
4.52088 670
4.52088 671 
4.52164 671
4.52164 672 
4.52218 672
4.52218 673 
4.52469 673
4.52469 674 
4.52491 674
4.52491 675 
4.5255 675
4.5255 676 
4.52582 676
4.52582 677 
4.52662 677
4.52662 678 
4.52748 678
4.52748 679 
4.53039 679
4.53039 680 
4.53212 680
4.53212 681 
4.53233 681
4.53233 682 
4.5324 682
4.5324 683 
4.53327 683
4.53327 684 
4.53571 684
4.53571 685 
4.53651 685
4.53651 686 
4.53719 686
4.53719 687 
4.53725 687
4.53725 688 
4.53948 688
4.53948 689 
4.5395 689
4.5395 690 
4.53982 690
4.53982 691 
4.54017 691
4.54017 692 
4.54076 692
4.54076 693 
4.54159 693
4.54159 694 
4.54169 694
4.54169 695 
4.54189 695
4.54189 696 
4.54236 696
4.54236 697 
4.54366 697
4.54366 698 
4.54452 698
4.54452 699 
4.54489 699
4.54489 700 
4.54531 700
4.54531 701 
4.54702 701
4.54702 702 
4.55046 702
4.55046 703 
4.55057 703
4.55057 704 
4.55123 704
4.55123 705 
4.55147 705
4.55147 706 
4.55249 706
4.55249 707 
4.55325 707
4.55325 708 
4.55416 708
4.55416 709 
4.55465 709
4.55465 710 
4.55557 710
4.55557 711 
4.55588 711
4.55588 712 
4.55631 712
4.55631 713 
4.55786 713
4.55786 714 
4.55796 714
4.55796 715 
4.55834 715
4.55834 716 
4.55944 716
4.55944 717 
4.56014 717
4.56014 718 
4.56104 718
4.56104 719 
4.5624 719
4.5624 720 
4.56248 720
4.56248 721 
4.5625 721
4.5625 722 
4.56265 722
4.56265 723 
4.56415 723
4.56415 724 
4.56556 724
4.56556 725 
4.56624 725
4.56624 726 
4.56625 726
4.56625 727 
4.56908 727
4.56908 728 
4.56989 728
4.56989 729 
4.57032 729
4.57032 730 
4.57102 730
4.57102 731 
4.57222 731
4.57222 732 
4.57547 732
4.57547 733 
4.57858 733
4.57858 734 
4.58014 734
4.58014 735 
4.58219 735
4.58219 736 
4.58504 736
4.58504 737 
4.58795 737
4.58795 738 
4.58817 738
4.58817 739 
4.58868 739
4.58868 740 
4.58912 740
4.58912 741 
4.58925 741
4.58925 742 
4.59035 742
4.59035 743 
4.59052 743
4.59052 744 
4.59227 744
4.59227 745 
4.59246 745
4.59246 746 
4.59439 746
4.59439 747 
4.59845 747
4.59845 748 
4.5988 748
4.5988 749 
4.60008 749
4.60008 750 
4.60073 750
4.60073 751 
4.6009 751
4.6009 752 
4.60104 752
4.60104 753 
4.60168 753
4.60168 754 
4.60354 754
4.60354 755 
4.60384 755
4.60384 756 
4.60441 756
4.60441 757 
4.60496 757
4.60496 758 
4.60542 758
4.60542 759 
4.60569 759
4.60569 760 
4.60583 760
4.60583 761 
4.60661 761
4.60661 762 
4.60668 762
4.60668 763 
4.60722 763
4.60722 764 
4.60886 764
4.60886 765 
4.60938 765
4.60938 766 
4.61007 766
4.61007 767 
4.61043 767
4.61043 768 
4.61218 768
4.61218 769 
4.615 769
4.615 770 
4.61523 770
4.61523 771 
4.61581 771
4.61581 772 
4.61659 772
4.61659 773 
4.61758 773
4.61758 774 
4.61855 774
4.61855 775 
4.61947 775
4.61947 776 
4.61964 776
4.61964 777 
4.62185 777
4.62185 778 
4.62543 778
4.62543 779 
4.62738 779
4.62738 780 
4.62893 780
4.62893 781 
4.62913 781
4.62913 782 
4.62952 782
4.62952 783 
4.6317 783
4.6317 784 
4.63266 784
4.63266 785 
4.63319 785
4.63319 786 
4.6332 786
4.6332 787 
4.63362 787
4.63362 788 
4.63395 788
4.63395 789 
4.63396 789
4.63396 790 
4.63448 790
4.63448 791 
4.635 791
4.635 792 
4.63909 792
4.63909 793 
4.63949 793
4.63949 794 
4.63986 794
4.63986 795 
4.64035 795
4.64035 796 
4.64112 796
4.64112 797 
4.64119 797
4.64119 798 
4.64121 798
4.64121 799 
4.64273 799
4.64273 800 
4.64278 800
4.64278 801 
4.6448 801
4.6448 802 
4.64676 802
4.64676 803 
4.64966 803
4.64966 804 
4.64974 804
4.64974 805 
4.65144 805
4.65144 806 
4.65163 806
4.65163 807 
4.65225 807
4.65225 808 
4.65293 808
4.65293 809 
4.65406 809
4.65406 810 
4.65454 810
4.65454 811 
4.65639 811
4.65639 812 
4.65767 812
4.65767 813 
4.65847 813
4.65847 814 
4.65927 814
4.65927 815 
4.65955 815
4.65955 816 
4.66004 816
4.66004 817 
4.66057 817
4.66057 818 
4.66062 818
4.66062 819 
4.6612 819
4.6612 820 
4.66141 820
4.66141 821 
4.66321 821
4.66321 822 
4.66401 822
4.66401 823 
4.66458 823
4.66458 824 
4.66504 824
4.66504 825 
4.6651 825
4.6651 826 
4.66562 826
4.66562 827 
4.66575 827
4.66575 828 
4.66579 828
4.66579 829 
4.6666 829
4.6666 830 
4.667 830
4.667 831 
4.67002 831
4.67002 832 
4.67129 832
4.67129 833 
4.67252 833
4.67252 834 
4.67285 834
4.67285 835 
4.67328 835
4.67328 836 
4.67558 836
4.67558 837 
4.67641 837
4.67641 838 
4.67643 838
4.67643 839 
4.67851 839
4.67851 840 
4.67853 840
4.67853 841 
4.67888 841
4.67888 842 
4.67899 842
4.67899 843 
4.67899 843
4.67899 844 
4.67993 844
4.67993 845 
4.67996 845
4.67996 846 
4.68115 846
4.68115 847 
4.68268 847
4.68268 848 
4.683 848
4.683 849 
4.6851 849
4.6851 850 
4.68512 850
4.68512 851 
4.68669 851
4.68669 852 
4.69008 852
4.69008 853 
4.69125 853
4.69125 854 
4.69238 854
4.69238 855 
4.69371 855
4.69371 856 
4.69429 856
4.69429 857 
4.69503 857
4.69503 858 
4.6953 858
4.6953 859 
4.6962 859
4.6962 860 
4.69722 860
4.69722 861 
4.69828 861
4.69828 862 
4.7007 862
4.7007 863 
4.70141 863
4.70141 864 
4.70389 864
4.70389 865 
4.70407 865
4.70407 866 
4.70547 866
4.70547 867 
4.70599 867
4.70599 868 
4.7061 868
4.7061 869 
4.7115 869
4.7115 870 
4.71341 870
4.71341 871 
4.71342 871
4.71342 872 
4.7148 872
4.7148 873 
4.71573 873
4.71573 874 
4.71593 874
4.71593 875 
4.71945 875
4.71945 876 
4.72479 876
4.72479 877 
4.72659 877
4.72659 878 
4.7279 878
4.7279 879 
4.72957 879
4.72957 880 
4.73011 880
4.73011 881 
4.73115 881
4.73115 882 
4.73121 882
4.73121 883 
4.73155 883
4.73155 884 
4.7327 884
4.7327 885 
4.73322 885
4.73322 886 
4.73327 886
4.73327 887 
4.73345 887
4.73345 888 
4.73383 888
4.73383 889 
4.73675 889
4.73675 890 
4.73738 890
4.73738 891 
4.7399 891
4.7399 892 
4.74053 892
4.74053 893 
4.74141 893
4.74141 894 
4.74167 894
4.74167 895 
4.74218 895
4.74218 896 
4.74286 896
4.74286 897 
4.74446 897
4.74446 898 
4.74507 898
4.74507 899 
4.74589 899
4.74589 900 
4.74592 900
4.74592 901 
4.74678 901
4.74678 902 
4.74793 902
4.74793 903 
4.74879 903
4.74879 904 
4.75047 904
4.75047 905 
4.75051 905
4.75051 906 
4.75111 906
4.75111 907 
4.75221 907
4.75221 908 
4.75226 908
4.75226 909 
4.7541 909
4.7541 910 
4.75435 910
4.75435 911 
4.75478 911
4.75478 912 
4.75796 912
4.75796 913 
4.75965 913
4.75965 914 
4.75981 914
4.75981 915 
4.75982 915
4.75982 916 
4.75982 916
4.75982 917 
4.76076 917
4.76076 918 
4.76183 918
4.76183 919 
4.76217 919
4.76217 920 
4.7626 920
4.7626 921 
4.7628 921
4.7628 922 
4.76314 922
4.76314 923 
4.76326 923
4.76326 924 
4.76353 924
4.76353 925 
4.76401 925
4.76401 926 
4.76413 926
4.76413 927 
4.76426 927
4.76426 928 
4.76611 928
4.76611 929 
4.76673 929
4.76673 930 
4.769 930
4.769 931 
4.76962 931
4.76962 932 
4.76964 932
4.76964 933 
4.76972 933
4.76972 934 
4.77105 934
4.77105 935 
4.77108 935
4.77108 936 
4.77109 936
4.77109 937 
4.77126 937
4.77126 938 
4.77143 938
4.77143 939 
4.77209 939
4.77209 940 
4.77212 940
4.77212 941 
4.77255 941
4.77255 942 
4.77361 942
4.77361 943 
4.77411 943
4.77411 944 
4.77544 944
4.77544 945 
4.77668 945
4.77668 946 
4.77724 946
4.77724 947 
4.77822 947
4.77822 948 
4.7792 948
4.7792 949 
4.77933 949
4.77933 950 
4.77961 950
4.77961 951 
4.7833 951
4.7833 952 
4.78389 952
4.78389 953 
4.78443 953
4.78443 954 
4.78506 954
4.78506 955 
4.78538 955
4.78538 956 
4.78593 956
4.78593 957 
4.78594 957
4.78594 958 
4.78647 958
4.78647 959 
4.78817 959
4.78817 960 
4.789 960
4.789 961 
4.78922 961
4.78922 962 
4.7903 962
4.7903 963 
4.79095 963
4.79095 964 
4.7914 964
4.7914 965 
4.79175 965
4.79175 966 
4.79208 966
4.79208 967 
4.79447 967
4.79447 968 
4.79542 968
4.79542 969 
4.79603 969
4.79603 970 
4.79636 970
4.79636 971 
4.79676 971
4.79676 972 
4.79817 972
4.79817 973 
4.79827 973
4.79827 974 
4.79885 974
4.79885 975 
4.79987 975
4.79987 976 
4.8 976
4.8 977 
4.80049 977
4.80049 978 
4.80064 978
4.80064 979 
4.80164 979
4.80164 980 
4.80261 980
4.80261 981 
4.80343 981
4.80343 982 
4.80344 982
4.80344 983 
4.80359 983
4.80359 984 
4.80572 984
4.80572 985 
4.80633 985
4.80633 986 
4.80649 986
4.80649 987 
4.80774 987
4.80774 988 
4.80816 988
4.80816 989 
4.80896 989
4.80896 990 
4.80936 990
4.80936 991 
4.80951 991
4.80951 992 
4.80967 992
4.80967 993 
4.81052 993
4.81052 994 
4.81062 994
4.81062 995 
4.81091 995
4.81091 996 
4.81266 996
4.81266 997 
4.81802 997
4.81802 998 
4.81822 998
4.81822 999 
4.81918 999
4.81918 1000 
4.81974 1000
4.81974 1001 
4.82011 1001
4.82011 1002 
4.82079 1002
4.82079 1003 
4.82088 1003
4.82088 1004 
4.82099 1004
4.82099 1005 
4.82214 1005
4.82214 1006 
4.82214 1006
4.82214 1007 
4.82221 1007
4.82221 1008 
4.82224 1008
4.82224 1009 
4.82353 1009
4.82353 1010 
4.82357 1010
4.82357 1011 
4.82366 1011
4.82366 1012 
4.82401 1012
4.82401 1013 
4.82422 1013
4.82422 1014 
4.82558 1014
4.82558 1015 
4.82564 1015
4.82564 1016 
4.82618 1016
4.82618 1017 
4.82887 1017
4.82887 1018 
4.82902 1018
4.82902 1019 
4.83015 1019
4.83015 1020 
4.83086 1020
4.83086 1021 
4.83245 1021
4.83245 1022 
4.8359 1022
4.8359 1023 
4.83599 1023
4.83599 1024 
4.83845 1024
4.83845 1025 
4.83886 1025
4.83886 1026 
4.83935 1026
4.83935 1027 
4.83952 1027
4.83952 1028 
4.83979 1028
4.83979 1029 
4.84088 1029
4.84088 1030 
4.84229 1030
4.84229 1031 
4.84251 1031
4.84251 1032 
4.84269 1032
4.84269 1033 
4.84283 1033
4.84283 1034 
4.8446 1034
4.8446 1035 
4.8455 1035
4.8455 1036 
4.84734 1036
4.84734 1037 
4.8484 1037
4.8484 1038 
4.84965 1038
4.84965 1039 
4.85017 1039
4.85017 1040 
4.85034 1040
4.85034 1041 
4.85091 1041
4.85091 1042 
4.85296 1042
4.85296 1043 
4.85369 1043
4.85369 1044 
4.85408 1044
4.85408 1045 
4.85414 1045
4.85414 1046 
4.85517 1046
4.85517 1047 
4.85634 1047
4.85634 1048 
4.85668 1048
4.85668 1049 
4.8568 1049
4.8568 1050 
4.85863 1050
4.85863 1051 
4.85878 1051
4.85878 1052 
4.8597 1052
4.8597 1053 
4.86089 1053
4.86089 1054 
4.86156 1054
4.86156 1055 
4.86253 1055
4.86253 1056 
4.86452 1056
4.86452 1057 
4.86496 1057
4.86496 1058 
4.86746 1058
4.86746 1059 
4.86952 1059
4.86952 1060 
4.87142 1060
4.87142 1061 
4.87207 1061
4.87207 1062 
4.87249 1062
4.87249 1063 
4.87551 1063
4.87551 1064 
4.87556 1064
4.87556 1065 
4.87592 1065
4.87592 1066 
4.87771 1066
4.87771 1067 
4.87923 1067
4.87923 1068 
4.8794 1068
4.8794 1069 
4.88036 1069
4.88036 1070 
4.88181 1070
4.88181 1071 
4.88273 1071
4.88273 1072 
4.88308 1072
4.88308 1073 
4.88316 1073
4.88316 1074 
4.88342 1074
4.88342 1075 
4.88396 1075
4.88396 1076 
4.88528 1076
4.88528 1077 
4.886 1077
4.886 1078 
4.8865 1078
4.8865 1079 
4.88664 1079
4.88664 1080 
4.8872 1080
4.8872 1081 
4.8887 1081
4.8887 1082 
4.89032 1082
4.89032 1083 
4.89081 1083
4.89081 1084 
4.89164 1084
4.89164 1085 
4.89229 1085
4.89229 1086 
4.89569 1086
4.89569 1087 
4.89633 1087
4.89633 1088 
4.8965 1088
4.8965 1089 
4.89759 1089
4.89759 1090 
4.89776 1090
4.89776 1091 
4.89792 1091
4.89792 1092 
4.90161 1092
4.90161 1093 
4.90186 1093
4.90186 1094 
4.90271 1094
4.90271 1095 
4.9035 1095
4.9035 1096 
4.90374 1096
4.90374 1097 
4.90408 1097
4.90408 1098 
4.90571 1098
4.90571 1099 
4.90662 1099
4.90662 1100 
4.90662 1100
4.90662 1101 
4.90795 1101
4.90795 1102 
4.90907 1102
4.90907 1103 
4.91044 1103
4.91044 1104 
4.91149 1104
4.91149 1105 
4.91182 1105
4.91182 1106 
4.91262 1106
4.91262 1107 
4.91335 1107
4.91335 1108 
4.91598 1108
4.91598 1109 
4.91686 1109
4.91686 1110 
4.91744 1110
4.91744 1111 
4.91802 1111
4.91802 1112 
4.91819 1112
4.91819 1113 
4.91959 1113
4.91959 1114 
4.92079 1114
4.92079 1115 
4.92104 1115
4.92104 1116 
4.92203 1116
4.92203 1117 
4.92319 1117
4.92319 1118 
4.9242 1118
4.9242 1119 
4.9243 1119
4.9243 1120 
4.92447 1120
4.92447 1121 
4.92457 1121
4.92457 1122 
4.92479 1122
4.92479 1123 
4.9248 1123
4.9248 1124 
4.92517 1124
4.92517 1125 
4.92619 1125
4.92619 1126 
4.92652 1126
4.92652 1127 
4.92668 1127
4.92668 1128 
4.92779 1128
4.92779 1129 
4.92792 1129
4.92792 1130 
4.92945 1130
4.92945 1131 
4.92985 1131
4.92985 1132 
4.93001 1132
4.93001 1133 
4.93119 1133
4.93119 1134 
4.9313 1134
4.9313 1135 
4.93155 1135
4.93155 1136 
4.93187 1136
4.93187 1137 
4.9331 1137
4.9331 1138 
4.93335 1138
4.93335 1139 
4.93462 1139
4.93462 1140 
4.9362 1140
4.9362 1141 
4.93639 1141
4.93639 1142 
4.93694 1142
4.93694 1143 
4.93915 1143
4.93915 1144 
4.93919 1144
4.93919 1145 
4.93966 1145
4.93966 1146 
4.94017 1146
4.94017 1147 
4.94311 1147
4.94311 1148 
4.9437 1148
4.9437 1149 
4.94425 1149
4.94425 1150 
4.94634 1150
4.94634 1151 
4.94636 1151
4.94636 1152 
4.94791 1152
4.94791 1153 
4.94904 1153
4.94904 1154 
4.94987 1154
4.94987 1155 
4.95016 1155
4.95016 1156 
4.95068 1156
4.95068 1157 
4.95091 1157
4.95091 1158 
4.95221 1158
4.95221 1159 
4.95231 1159
4.95231 1160 
4.95332 1160
4.95332 1161 
4.95341 1161
4.95341 1162 
4.95444 1162
4.95444 1163 
4.95498 1163
4.95498 1164 
4.95517 1164
4.95517 1165 
4.95675 1165
4.95675 1166 
4.95691 1166
4.95691 1167 
4.95777 1167
4.95777 1168 
4.9581 1168
4.9581 1169 
4.9583 1169
4.9583 1170 
4.9588 1170
4.9588 1171 
4.9592 1171
4.9592 1172 
4.95957 1172
4.95957 1173 
4.95966 1173
4.95966 1174 
4.96533 1174
4.96533 1175 
4.96816 1175
4.96816 1176 
4.96882 1176
4.96882 1177 
4.96911 1177
4.96911 1178 
4.96923 1178
4.96923 1179 
4.96952 1179
4.96952 1180 
4.97371 1180
4.97371 1181 
4.97437 1181
4.97437 1182 
4.97684 1182
4.97684 1183 
4.97837 1183
4.97837 1184 
4.97926 1184
4.97926 1185 
4.98046 1185
4.98046 1186 
4.98093 1186
4.98093 1187 
4.98094 1187
4.98094 1188 
4.98218 1188
4.98218 1189 
4.98251 1189
4.98251 1190 
4.98416 1190
4.98416 1191 
4.98442 1191
4.98442 1192 
4.98472 1192
4.98472 1193 
4.98501 1193
4.98501 1194 
4.98529 1194
4.98529 1195 
4.9866 1195
4.9866 1196 
4.98705 1196
4.98705 1197 
4.98799 1197
4.98799 1198 
4.98838 1198
4.98838 1199 
4.98858 1199
4.98858 1200 
4.98969 1200
4.98969 1201 
4.99161 1201
4.99161 1202 
4.99174 1202
4.99174 1203 
4.99226 1203
4.99226 1204 
4.99249 1204
4.99249 1205 
4.99313 1205
4.99313 1206 
4.99343 1206
4.99343 1207 
4.99345 1207
4.99345 1208 
4.9941 1208
4.9941 1209 
4.99504 1209
4.99504 1210 
4.99515 1210
4.99515 1211 
4.99609 1211
4.99609 1212 
4.99614 1212
4.99614 1213 
4.99717 1213
4.99717 1214 
4.99766 1214
4.99766 1215 
4.99928 1215
4.99928 1216 
4.99949 1216
4.99949 1217 
5.00219 1217
5.00219 1218 
5.00245 1218
5.00245 1219 
5.00259 1219
5.00259 1220 
5.0028 1220
5.0028 1221 
5.003 1221
5.003 1222 
5.00457 1222
5.00457 1223 
5.00469 1223
5.00469 1224 
5.00517 1224
5.00517 1225 
5.00627 1225
5.00627 1226 
5.00673 1226
5.00673 1227 
5.00817 1227
5.00817 1228 
5.00865 1228
5.00865 1229 
5.00906 1229
5.00906 1230 
5.00919 1230
5.00919 1231 
5.00937 1231
5.00937 1232 
5.00943 1232
5.00943 1233 
5.00962 1233
5.00962 1234 
5.01189 1234
5.01189 1235 
5.0123 1235
5.0123 1236 
5.01258 1236
5.01258 1237 
5.01397 1237
5.01397 1238 
5.01527 1238
5.01527 1239 
5.01591 1239
5.01591 1240 
5.01679 1240
5.01679 1241 
5.01699 1241
5.01699 1242 
5.01712 1242
5.01712 1243 
5.01759 1243
5.01759 1244 
5.01972 1244
5.01972 1245 
5.01999 1245
5.01999 1246 
5.02007 1246
5.02007 1247 
5.02039 1247
5.02039 1248 
5.0208 1248
5.0208 1249 
5.02119 1249
5.02119 1250 
5.02151 1250
5.02151 1251 
5.02288 1251
5.02288 1252 
5.02346 1252
5.02346 1253 
5.0243 1253
5.0243 1254 
5.02472 1254
5.02472 1255 
5.02646 1255
5.02646 1256 
5.02654 1256
5.02654 1257 
5.02656 1257
5.02656 1258 
5.0276 1258
5.0276 1259 
5.02769 1259
5.02769 1260 
5.02884 1260
5.02884 1261 
5.02996 1261
5.02996 1262 
5.03042 1262
5.03042 1263 
5.03077 1263
5.03077 1264 
5.03223 1264
5.03223 1265 
5.03369 1265
5.03369 1266 
5.03472 1266
5.03472 1267 
5.03477 1267
5.03477 1268 
5.03496 1268
5.03496 1269 
5.03503 1269
5.03503 1270 
5.03532 1270
5.03532 1271 
5.03537 1271
5.03537 1272 
5.03611 1272
5.03611 1273 
5.03614 1273
5.03614 1274 
5.03626 1274
5.03626 1275 
5.03862 1275
5.03862 1276 
5.03935 1276
5.03935 1277 
5.03961 1277
5.03961 1278 
5.04101 1278
5.04101 1279 
5.04325 1279
5.04325 1280 
5.04326 1280
5.04326 1281 
5.04394 1281
5.04394 1282 
5.04598 1282
5.04598 1283 
5.04615 1283
5.04615 1284 
5.04674 1284
5.04674 1285 
5.04758 1285
5.04758 1286 
5.0489 1286
5.0489 1287 
5.04894 1287
5.04894 1288 
5.04983 1288
5.04983 1289 
5.05201 1289
5.05201 1290 
5.05453 1290
5.05453 1291 
5.05482 1291
5.05482 1292 
5.05565 1292
5.05565 1293 
5.05599 1293
5.05599 1294 
5.05601 1294
5.05601 1295 
5.0568 1295
5.0568 1296 
5.05722 1296
5.05722 1297 
5.05747 1297
5.05747 1298 
5.05775 1298
5.05775 1299 
5.05875 1299
5.05875 1300 
5.05879 1300
5.05879 1301 
5.05944 1301
5.05944 1302 
5.06148 1302
5.06148 1303 
5.06276 1303
5.06276 1304 
5.06363 1304
5.06363 1305 
5.06364 1305
5.06364 1306 
5.06387 1306
5.06387 1307 
5.0645 1307
5.0645 1308 
5.0657 1308
5.0657 1309 
5.06721 1309
5.06721 1310 
5.06908 1310
5.06908 1311 
5.07221 1311
5.07221 1312 
5.07253 1312
5.07253 1313 
5.07302 1313
5.07302 1314 
5.07337 1314
5.07337 1315 
5.07406 1315
5.07406 1316 
5.07435 1316
5.07435 1317 
5.07452 1317
5.07452 1318 
5.07477 1318
5.07477 1319 
5.07682 1319
5.07682 1320 
5.07694 1320
5.07694 1321 
5.07803 1321
5.07803 1322 
5.07855 1322
5.07855 1323 
5.07862 1323
5.07862 1324 
5.07867 1324
5.07867 1325 
5.07886 1325
5.07886 1326 
5.07951 1326
5.07951 1327 
5.08023 1327
5.08023 1328 
5.08216 1328
5.08216 1329 
5.08222 1329
5.08222 1330 
5.08229 1330
5.08229 1331 
5.08449 1331
5.08449 1332 
5.08578 1332
5.08578 1333 
5.0874 1333
5.0874 1334 
5.08757 1334
5.08757 1335 
5.08917 1335
5.08917 1336 
5.09075 1336
5.09075 1337 
5.09168 1337
5.09168 1338 
5.0923 1338
5.0923 1339 
5.09236 1339
5.09236 1340 
5.09266 1340
5.09266 1341 
5.09316 1341
5.09316 1342 
5.09387 1342
5.09387 1343 
5.09393 1343
5.09393 1344 
5.09509 1344
5.09509 1345 
5.09546 1345
5.09546 1346 
5.09574 1346
5.09574 1347 
5.09729 1347
5.09729 1348 
5.09746 1348
5.09746 1349 
5.09801 1349
5.09801 1350 
5.09802 1350
5.09802 1351 
5.09953 1351
5.09953 1352 
5.10008 1352
5.10008 1353 
5.10009 1353
5.10009 1354 
5.10033 1354
5.10033 1355 
5.10062 1355
5.10062 1356 
5.10129 1356
5.10129 1357 
5.1015 1357
5.1015 1358 
5.10223 1358
5.10223 1359 
5.10249 1359
5.10249 1360 
5.1026 1360
5.1026 1361 
5.10337 1361
5.10337 1362 
5.10341 1362
5.10341 1363 
5.10414 1363
5.10414 1364 
5.1046 1364
5.1046 1365 
5.10591 1365
5.10591 1366 
5.10706 1366
5.10706 1367 
5.10744 1367
5.10744 1368 
5.10857 1368
5.10857 1369 
5.10959 1369
5.10959 1370 
5.1096 1370
5.1096 1371 
5.10965 1371
5.10965 1372 
5.11119 1372
5.11119 1373 
5.11211 1373
5.11211 1374 
5.11275 1374
5.11275 1375 
5.11335 1375
5.11335 1376 
5.11399 1376
5.11399 1377 
5.1144 1377
5.1144 1378 
5.1146 1378
5.1146 1379 
5.11544 1379
5.11544 1380 
5.11649 1380
5.11649 1381 
5.11787 1381
5.11787 1382 
5.11813 1382
5.11813 1383 
5.11958 1383
5.11958 1384 
5.11959 1384
5.11959 1385 
5.12024 1385
5.12024 1386 
5.1205 1386
5.1205 1387 
5.12148 1387
5.12148 1388 
5.12192 1388
5.12192 1389 
5.12192 1389
5.12192 1390 
5.12364 1390
5.12364 1391 
5.12503 1391
5.12503 1392 
5.12704 1392
5.12704 1393 
5.12869 1393
5.12869 1394 
5.12909 1394
5.12909 1395 
5.1295 1395
5.1295 1396 
5.12963 1396
5.12963 1397 
5.1302 1397
5.1302 1398 
5.13138 1398
5.13138 1399 
5.1314 1399
5.1314 1400 
5.13286 1400
5.13286 1401 
5.13515 1401
5.13515 1402 
5.13639 1402
5.13639 1403 
5.14318 1403
5.14318 1404 
5.14322 1404
5.14322 1405 
5.14365 1405
5.14365 1406 
5.14437 1406
5.14437 1407 
5.14455 1407
5.14455 1408 
5.14543 1408
5.14543 1409 
5.14587 1409
5.14587 1410 
5.14729 1410
5.14729 1411 
5.14732 1411
5.14732 1412 
5.14837 1412
5.14837 1413 
5.14905 1413
5.14905 1414 
5.14934 1414
5.14934 1415 
5.15061 1415
5.15061 1416 
5.15146 1416
5.15146 1417 
5.15184 1417
5.15184 1418 
5.15298 1418
5.15298 1419 
5.15316 1419
5.15316 1420 
5.15534 1420
5.15534 1421 
5.15652 1421
5.15652 1422 
5.1569 1422
5.1569 1423 
5.15692 1423
5.15692 1424 
5.15743 1424
5.15743 1425 
5.1607 1425
5.1607 1426 
5.1627 1426
5.1627 1427 
5.16337 1427
5.16337 1428 
5.16593 1428
5.16593 1429 
5.16664 1429
5.16664 1430 
5.16679 1430
5.16679 1431 
5.16737 1431
5.16737 1432 
5.16853 1432
5.16853 1433 
5.16973 1433
5.16973 1434 
5.17049 1434
5.17049 1435 
5.17117 1435
5.17117 1436 
5.17149 1436
5.17149 1437 
5.17164 1437
5.17164 1438 
5.17328 1438
5.17328 1439 
5.17335 1439
5.17335 1440 
5.17512 1440
5.17512 1441 
5.1753 1441
5.1753 1442 
5.17533 1442
5.17533 1443 
5.17533 1443
5.17533 1444 
5.17616 1444
5.17616 1445 
5.17818 1445
5.17818 1446 
5.17825 1446
5.17825 1447 
5.17846 1447
5.17846 1448 
5.17861 1448
5.17861 1449 
5.17875 1449
5.17875 1450 
5.18061 1450
5.18061 1451 
5.18169 1451
5.18169 1452 
5.18281 1452
5.18281 1453 
5.18284 1453
5.18284 1454 
5.1829 1454
5.1829 1455 
5.18297 1455
5.18297 1456 
5.18354 1456
5.18354 1457 
5.184 1457
5.184 1458 
5.18431 1458
5.18431 1459 
5.18446 1459
5.18446 1460 
5.18458 1460
5.18458 1461 
5.18571 1461
5.18571 1462 
5.18572 1462
5.18572 1463 
5.18594 1463
5.18594 1464 
5.18674 1464
5.18674 1465 
5.19313 1465
5.19313 1466 
5.19401 1466
5.19401 1467 
5.19411 1467
5.19411 1468 
5.19411 1468
5.19411 1469 
5.19434 1469
5.19434 1470 
5.19498 1470
5.19498 1471 
5.19556 1471
5.19556 1472 
5.19566 1472
5.19566 1473 
5.19696 1473
5.19696 1474 
5.19734 1474
5.19734 1475 
5.19815 1475
5.19815 1476 
5.1995 1476
5.1995 1477 
5.20122 1477
5.20122 1478 
5.20131 1478
5.20131 1479 
5.20255 1479
5.20255 1480 
5.20263 1480
5.20263 1481 
5.20301 1481
5.20301 1482 
5.20435 1482
5.20435 1483 
5.20505 1483
5.20505 1484 
5.20554 1484
5.20554 1485 
5.20623 1485
5.20623 1486 
5.20653 1486
5.20653 1487 
5.20713 1487
5.20713 1488 
5.2078 1488
5.2078 1489 
5.20793 1489
5.20793 1490 
5.20829 1490
5.20829 1491 
5.20909 1491
5.20909 1492 
5.21085 1492
5.21085 1493 
5.21148 1493
5.21148 1494 
5.213 1494
5.213 1495 
5.21338 1495
5.21338 1496 
5.21409 1496
5.21409 1497 
5.21416 1497
5.21416 1498 
5.21479 1498
5.21479 1499 
5.22061 1499
5.22061 1500 
5.22189 1500
5.22189 1501 
5.22319 1501
5.22319 1502 
5.22442 1502
5.22442 1503 
5.22638 1503
5.22638 1504 
5.22851 1504
5.22851 1505 
5.22956 1505
5.22956 1506 
5.23061 1506
5.23061 1507 
5.23156 1507
5.23156 1508 
5.23203 1508
5.23203 1509 
5.23232 1509
5.23232 1510 
5.23296 1510
5.23296 1511 
5.23386 1511
5.23386 1512 
5.23496 1512
5.23496 1513 
5.23706 1513
5.23706 1514 
5.23784 1514
5.23784 1515 
5.23863 1515
5.23863 1516 
5.23874 1516
5.23874 1517 
5.23877 1517
5.23877 1518 
5.23997 1518
5.23997 1519 
5.2406 1519
5.2406 1520 
5.24152 1520
5.24152 1521 
5.24199 1521
5.24199 1522 
5.24303 1522
5.24303 1523 
5.24394 1523
5.24394 1524 
5.24558 1524
5.24558 1525 
5.24824 1525
5.24824 1526 
5.24887 1526
5.24887 1527 
5.25006 1527
5.25006 1528 
5.25145 1528
5.25145 1529 
5.25159 1529
5.25159 1530 
5.25213 1530
5.25213 1531 
5.25223 1531
5.25223 1532 
5.25243 1532
5.25243 1533 
5.25344 1533
5.25344 1534 
5.25352 1534
5.25352 1535 
5.2536 1535
5.2536 1536 
5.25382 1536
5.25382 1537 
5.2544 1537
5.2544 1538 
5.25487 1538
5.25487 1539 
5.25826 1539
5.25826 1540 
5.25835 1540
5.25835 1541 
5.25893 1541
5.25893 1542 
5.26003 1542
5.26003 1543 
5.26062 1543
5.26062 1544 
5.2612 1544
5.2612 1545 
5.26189 1545
5.26189 1546 
5.26206 1546
5.26206 1547 
5.26243 1547
5.26243 1548 
5.26274 1548
5.26274 1549 
5.2641 1549
5.2641 1550 
5.26702 1550
5.26702 1551 
5.26708 1551
5.26708 1552 
5.26811 1552
5.26811 1553 
5.26914 1553
5.26914 1554 
5.26951 1554
5.26951 1555 
5.26952 1555
5.26952 1556 
5.27074 1556
5.27074 1557 
5.27076 1557
5.27076 1558 
5.27135 1558
5.27135 1559 
5.27175 1559
5.27175 1560 
5.27197 1560
5.27197 1561 
5.27207 1561
5.27207 1562 
5.27296 1562
5.27296 1563 
5.27459 1563
5.27459 1564 
5.27519 1564
5.27519 1565 
5.27548 1565
5.27548 1566 
5.27574 1566
5.27574 1567 
5.27824 1567
5.27824 1568 
5.28067 1568
5.28067 1569 
5.28073 1569
5.28073 1570 
5.28103 1570
5.28103 1571 
5.2819 1571
5.2819 1572 
5.28213 1572
5.28213 1573 
5.28355 1573
5.28355 1574 
5.28368 1574
5.28368 1575 
5.28445 1575
5.28445 1576 
5.28454 1576
5.28454 1577 
5.28496 1577
5.28496 1578 
5.28516 1578
5.28516 1579 
5.28567 1579
5.28567 1580 
5.28581 1580
5.28581 1581 
5.28638 1581
5.28638 1582 
5.28704 1582
5.28704 1583 
5.28818 1583
5.28818 1584 
5.28894 1584
5.28894 1585 
5.28951 1585
5.28951 1586 
5.28968 1586
5.28968 1587 
5.29102 1587
5.29102 1588 
5.29186 1588
5.29186 1589 
5.29421 1589
5.29421 1590 
5.29438 1590
5.29438 1591 
5.29462 1591
5.29462 1592 
5.296 1592
5.296 1593 
5.2977 1593
5.2977 1594 
5.30006 1594
5.30006 1595 
5.3036 1595
5.3036 1596 
5.30528 1596
5.30528 1597 
5.30732 1597
5.30732 1598 
5.30938 1598
5.30938 1599 
5.31156 1599
5.31156 1600 
5.31264 1600
5.31264 1601 
5.31271 1601
5.31271 1602 
5.31332 1602
5.31332 1603 
5.31348 1603
5.31348 1604 
5.31481 1604
5.31481 1605 
5.31599 1605
5.31599 1606 
5.31958 1606
5.31958 1607 
5.32266 1607
5.32266 1608 
5.32352 1608
5.32352 1609 
5.32433 1609
5.32433 1610 
5.32499 1610
5.32499 1611 
5.32613 1611
5.32613 1612 
5.33162 1612
5.33162 1613 
5.33385 1613
5.33385 1614 
5.33409 1614
5.33409 1615 
5.33427 1615
5.33427 1616 
5.33687 1616
5.33687 1617 
5.33794 1617
5.33794 1618 
5.34038 1618
5.34038 1619 
5.34158 1619
5.34158 1620 
5.34452 1620
5.34452 1621 
5.34561 1621
5.34561 1622 
5.34753 1622
5.34753 1623 
5.35187 1623
5.35187 1624 
5.352 1624
5.352 1625 
5.35344 1625
5.35344 1626 
5.35443 1626
5.35443 1627 
5.35482 1627
5.35482 1628 
5.35591 1628
5.35591 1629 
5.35703 1629
5.35703 1630 
5.35882 1630
5.35882 1631 
5.35988 1631
5.35988 1632 
5.36006 1632
5.36006 1633 
5.36061 1633
5.36061 1634 
5.3619 1634
5.3619 1635 
5.36205 1635
5.36205 1636 
5.3628 1636
5.3628 1637 
5.36605 1637
5.36605 1638 
5.3662 1638
5.3662 1639 
5.3667 1639
5.3667 1640 
5.36876 1640
5.36876 1641 
5.36928 1641
5.36928 1642 
5.37217 1642
5.37217 1643 
5.37435 1643
5.37435 1644 
5.37468 1644
5.37468 1645 
5.3758 1645
5.3758 1646 
5.37606 1646
5.37606 1647 
5.37734 1647
5.37734 1648 
5.37736 1648
5.37736 1649 
5.37764 1649
5.37764 1650 
5.38203 1650
5.38203 1651 
5.38595 1651
5.38595 1652 
5.3866 1652
5.3866 1653 
5.38716 1653
5.38716 1654 
5.38744 1654
5.38744 1655 
5.38945 1655
5.38945 1656 
5.39141 1656
5.39141 1657 
5.39204 1657
5.39204 1658 
5.39264 1658
5.39264 1659 
5.39355 1659
5.39355 1660 
5.39361 1660
5.39361 1661 
5.39386 1661
5.39386 1662 
5.39422 1662
5.39422 1663 
5.39486 1663
5.39486 1664 
5.39539 1664
5.39539 1665 
5.39541 1665
5.39541 1666 
5.3967 1666
5.3967 1667 
5.39718 1667
5.39718 1668 
5.39784 1668
5.39784 1669 
5.39863 1669
5.39863 1670 
5.39979 1670
5.39979 1671 
5.40121 1671
5.40121 1672 
5.40139 1672
5.40139 1673 
5.40142 1673
5.40142 1674 
5.40274 1674
5.40274 1675 
5.40285 1675
5.40285 1676 
5.40293 1676
5.40293 1677 
5.40372 1677
5.40372 1678 
5.40521 1678
5.40521 1679 
5.40604 1679
5.40604 1680 
5.40723 1680
5.40723 1681 
5.40814 1681
5.40814 1682 
5.40848 1682
5.40848 1683 
5.40881 1683
5.40881 1684 
5.40891 1684
5.40891 1685 
5.4102 1685
5.4102 1686 
5.41337 1686
5.41337 1687 
5.41476 1687
5.41476 1688 
5.41539 1688
5.41539 1689 
5.41658 1689
5.41658 1690 
5.41683 1690
5.41683 1691 
5.41815 1691
5.41815 1692 
5.41868 1692
5.41868 1693 
5.41945 1693
5.41945 1694 
5.42588 1694
5.42588 1695 
5.42793 1695
5.42793 1696 
5.42815 1696
5.42815 1697 
5.42905 1697
5.42905 1698 
5.43209 1698
5.43209 1699 
5.43454 1699
5.43454 1700 
5.4365 1700
5.4365 1701 
5.43784 1701
5.43784 1702 
5.43905 1702
5.43905 1703 
5.43925 1703
5.43925 1704 
5.43928 1704
5.43928 1705 
5.44058 1705
5.44058 1706 
5.44381 1706
5.44381 1707 
5.4445 1707
5.4445 1708 
5.44748 1708
5.44748 1709 
5.45014 1709
5.45014 1710 
5.45014 1710
5.45014 1711 
5.4521 1711
5.4521 1712 
5.45354 1712
5.45354 1713 
5.45432 1713
5.45432 1714 
5.45526 1714
5.45526 1715 
5.46001 1715
5.46001 1716 
5.46173 1716
5.46173 1717 
5.46475 1717
5.46475 1718 
5.46655 1718
5.46655 1719 
5.46818 1719
5.46818 1720 
5.4705 1720
5.4705 1721 
5.47282 1721
5.47282 1722 
5.4769 1722
5.4769 1723 
5.47819 1723
5.47819 1724 
5.47881 1724
5.47881 1725 
5.4792 1725
5.4792 1726 
5.48067 1726
5.48067 1727 
5.48072 1727
5.48072 1728 
5.48329 1728
5.48329 1729 
5.48341 1729
5.48341 1730 
5.48457 1730
5.48457 1731 
5.48562 1731
5.48562 1732 
5.48624 1732
5.48624 1733 
5.49038 1733
5.49038 1734 
5.49416 1734
5.49416 1735 
5.495 1735
5.495 1736 
5.49519 1736
5.49519 1737 
5.49618 1737
5.49618 1738 
5.49729 1738
5.49729 1739 
5.49865 1739
5.49865 1740 
5.5017 1740
5.5017 1741 
5.50287 1741
5.50287 1742 
5.5043 1742
5.5043 1743 
5.50434 1743
5.50434 1744 
5.50464 1744
5.50464 1745 
5.50847 1745
5.50847 1746 
5.50931 1746
5.50931 1747 
5.51169 1747
5.51169 1748 
5.51255 1748
5.51255 1749 
5.51377 1749
5.51377 1750 
5.51408 1750
5.51408 1751 
5.51804 1751
5.51804 1752 
5.52127 1752
5.52127 1753 
5.52173 1753
5.52173 1754 
5.52182 1754
5.52182 1755 
5.52294 1755
5.52294 1756 
5.52321 1756
5.52321 1757 
5.52342 1757
5.52342 1758 
5.52361 1758
5.52361 1759 
5.52451 1759
5.52451 1760 
5.52505 1760
5.52505 1761 
5.52727 1761
5.52727 1762 
5.52822 1762
5.52822 1763 
5.52877 1763
5.52877 1764 
5.52948 1764
5.52948 1765 
5.53082 1765
5.53082 1766 
5.53244 1766
5.53244 1767 
5.53433 1767
5.53433 1768 
5.53442 1768
5.53442 1769 
5.53569 1769
5.53569 1770 
5.53704 1770
5.53704 1771 
5.53876 1771
5.53876 1772 
5.54058 1772
5.54058 1773 
5.54201 1773
5.54201 1774 
5.54392 1774
5.54392 1775 
5.54394 1775
5.54394 1776 
5.54739 1776
5.54739 1777 
5.54752 1777
5.54752 1778 
5.54817 1778
5.54817 1779 
5.55112 1779
5.55112 1780 
5.55124 1780
5.55124 1781 
5.55566 1781
5.55566 1782 
5.55816 1782
5.55816 1783 
5.55909 1783
5.55909 1784 
5.55927 1784
5.55927 1785 
5.56563 1785
5.56563 1786 
5.56604 1786
5.56604 1787 
5.56609 1787
5.56609 1788 
5.56673 1788
5.56673 1789 
5.56815 1789
5.56815 1790 
5.56839 1790
5.56839 1791 
5.56884 1791
5.56884 1792 
5.56978 1792
5.56978 1793 
5.56984 1793
5.56984 1794 
5.57077 1794
5.57077 1795 
5.57118 1795
5.57118 1796 
5.57406 1796
5.57406 1797 
5.57581 1797
5.57581 1798 
5.57964 1798
5.57964 1799 
5.57995 1799
5.57995 1800 
5.58178 1800
5.58178 1801 
5.58473 1801
5.58473 1802 
5.58739 1802
5.58739 1803 
5.58791 1803
5.58791 1804 
5.59177 1804
5.59177 1805 
5.59202 1805
5.59202 1806 
5.59243 1806
5.59243 1807 
5.59289 1807
5.59289 1808 
5.59395 1808
5.59395 1809 
5.59433 1809
5.59433 1810 
5.59557 1810
5.59557 1811 
5.5979 1811
5.5979 1812 
5.60075 1812
5.60075 1813 
5.60104 1813
5.60104 1814 
5.6053 1814
5.6053 1815 
5.60774 1815
5.60774 1816 
5.60849 1816
5.60849 1817 
5.60861 1817
5.60861 1818 
5.61061 1818
5.61061 1819 
5.61257 1819
5.61257 1820 
5.6143 1820
5.6143 1821 
5.61602 1821
5.61602 1822 
5.61667 1822
5.61667 1823 
5.61723 1823
5.61723 1824 
5.619 1824
5.619 1825 
5.62359 1825
5.62359 1826 
5.6246 1826
5.6246 1827 
5.62496 1827
5.62496 1828 
5.62619 1828
5.62619 1829 
5.62652 1829
5.62652 1830 
5.62653 1830
5.62653 1831 
5.62672 1831
5.62672 1832 
5.63364 1832
5.63364 1833 
5.63395 1833
5.63395 1834 
5.63418 1834
5.63418 1835 
5.63624 1835
5.63624 1836 
5.6435 1836
5.6435 1837 
5.64364 1837
5.64364 1838 
5.64425 1838
5.64425 1839 
5.6488 1839
5.6488 1840 
5.65354 1840
5.65354 1841 
5.65386 1841
5.65386 1842 
5.65452 1842
5.65452 1843 
5.65477 1843
5.65477 1844 
5.6631 1844
5.6631 1845 
5.67325 1845
5.67325 1846 
5.67596 1846
5.67596 1847 
5.68111 1847
5.68111 1848 
5.6853 1848
5.6853 1849 
5.68578 1849
5.68578 1850 
5.68701 1850
5.68701 1851 
5.68815 1851
5.68815 1852 
5.68891 1852
5.68891 1853 
5.69217 1853
5.69217 1854 
5.69561 1854
5.69561 1855 
5.69852 1855
5.69852 1856 
5.69993 1856
5.69993 1857 
5.70028 1857
5.70028 1858 
5.70072 1858
5.70072 1859 
5.70127 1859
5.70127 1860 
5.70784 1860
5.70784 1861 
5.70933 1861
5.70933 1862 
5.7103 1862
5.7103 1863 
5.71241 1863
5.71241 1864 
5.71991 1864
5.71991 1865 
5.72952 1865
5.72952 1866 
5.73278 1866
5.73278 1867 
5.73566 1867
5.73566 1868 
5.7389 1868
5.7389 1869 
5.7468 1869
5.7468 1870 
5.74706 1870
5.74706 1871 
5.74959 1871
5.74959 1872 
5.75034 1872
5.75034 1873 
5.75438 1873
5.75438 1874 
5.75769 1874
5.75769 1875 
5.76183 1875
5.76183 1876 
5.76588 1876
5.76588 1877 
5.77182 1877
5.77182 1878 
5.77576 1878
5.77576 1879 
5.78415 1879
5.78415 1880 
5.78548 1880
5.78548 1881 
5.7913 1881
5.7913 1882 
5.79349 1882
5.79349 1883 
5.79767 1883
5.79767 1884 
5.80076 1884
5.80076 1885 
5.80294 1885
5.80294 1886 
5.80327 1886
5.80327 1887 
5.80448 1887
5.80448 1888 
5.81647 1888
5.81647 1889 
5.82389 1889
5.82389 1890 
5.82404 1890
5.82404 1891 
5.82689 1891
5.82689 1892 
5.82761 1892
5.82761 1893 
5.83828 1893
5.83828 1894 
5.84065 1894
5.84065 1895 
5.84144 1895
5.84144 1896 
5.84744 1896
5.84744 1897 
5.85732 1897
5.85732 1898 
5.85803 1898
5.85803 1899 
5.86248 1899
5.86248 1900 
5.87682 1900
5.87682 1901 
5.8793 1901
5.8793 1902 
5.87959 1902
5.87959 1903 
5.88355 1903
5.88355 1904 
5.88368 1904
5.88368 1905 
5.88454 1905
5.88454 1906 
5.8959 1906
5.8959 1907 
5.90166 1907
5.90166 1908 
5.90486 1908
5.90486 1909 
5.90783 1909
5.90783 1910 
5.90908 1910
5.90908 1911 
5.91822 1911
5.91822 1912 
5.93071 1912
5.93071 1913 
5.94037 1913
5.94037 1914 
5.94259 1914
5.94259 1915 
5.94317 1915
5.94317 1916 
5.95314 1916
5.95314 1917 
5.95896 1917
5.95896 1918 
5.96554 1918
5.96554 1919 
5.97187 1919
5.97187 1920 
5.97614 1920
5.97614 1921 
5.97637 1921
5.97637 1922 
5.98003 1922
5.98003 1923 
5.98424 1923
5.98424 1924 
5.98864 1924
5.98864 1925 
5.99649 1925
5.99649 1926 
5.99782 1926
5.99782 1927 
6.00324 1927
6.00324 1928 
6.00367 1928
6.00367 1929 
6.00413 1929
6.00413 1930 
6.0067 1930
6.0067 1931 
6.01255 1931
6.01255 1932 
6.04568 1932
6.04568 1933 
6.04665 1933
6.04665 1934 
6.08304 1934
6.08304 1935 
6.08511 1935
6.08511 1936 
6.09692 1936
6.09692 1937 
6.10791 1937
6.10791 1938 
6.13012 1938
6.13012 1939 
6.13484 1939
6.13484 1940 
6.14894 1940
6.14894 1941 
6.15289 1941
6.15289 1942 
6.16619 1942
6.16619 1943 
6.27925 1943
6.27925 1944 
6.27933 1944
6.27933 1945 
6.28474 1945
6.28474 1946 
6.31107 1946
6.31107 1947 
6.33756 1947
6.33756 1948 
6.3788 1948
6.3788 1949 
6.37977 1949
6.37977 1950 
6.51763 1950
6.51763 1951 
6.65978 1951
6.65978 1952 
