0 1 
1.75038 1
1.75038 2 
1.77823 2
1.77823 3 
1.84567 3
1.84567 4 
1.85687 4
1.85687 5 
2.09462 5
2.09462 6 
2.14 6
2.14 7 
2.20211 7
2.20211 8 
2.28027 8
2.28027 9 
2.3261 9
2.3261 10 
2.36615 10
2.36615 11 
2.39327 11
2.39327 12 
2.48304 12
2.48304 13 
2.55883 13
2.55883 14 
2.66271 14
2.66271 15 
2.72468 15
2.72468 16 
2.75546 16
2.75546 17 
2.79375 17
2.79375 18 
2.86825 18
2.86825 19 
2.88857 19
2.88857 20 
2.9272 20
2.9272 21 
2.94723 21
2.94723 22 
2.96389 22
2.96389 23 
3.00489 23
3.00489 24 
3.01324 24
3.01324 25 
3.02223 25
3.02223 26 
3.03983 26
3.03983 27 
3.04654 27
3.04654 28 
3.05164 28
3.05164 29 
3.07412 29
3.07412 30 
3.09297 30
3.09297 31 
3.10929 31
3.10929 32 
3.11416 32
3.11416 33 
3.11936 33
3.11936 34 
3.14854 34
3.14854 35 
3.15206 35
3.15206 36 
3.16034 36
3.16034 37 
3.16767 37
3.16767 38 
3.17642 38
3.17642 39 
3.19908 39
3.19908 40 
3.19987 40
3.19987 41 
3.20092 41
3.20092 42 
3.20544 42
3.20544 43 
3.20717 43
3.20717 44 
3.20931 44
3.20931 45 
3.23523 45
3.23523 46 
3.25695 46
3.25695 47 
3.26458 47
3.26458 48 
3.28836 48
3.28836 49 
3.29041 49
3.29041 50 
3.29829 50
3.29829 51 
3.31717 51
3.31717 52 
3.33228 52
3.33228 53 
3.34503 53
3.34503 54 
3.35612 54
3.35612 55 
3.3711 55
3.3711 56 
3.37163 56
3.37163 57 
3.37354 57
3.37354 58 
3.4052 58
3.4052 59 
3.40579 59
3.40579 60 
3.40961 60
3.40961 61 
3.4151 61
3.4151 62 
3.43668 62
3.43668 63 
3.44098 63
3.44098 64 
3.44871 64
3.44871 65 
3.46501 65
3.46501 66 
3.46963 66
3.46963 67 
3.47581 67
3.47581 68 
3.47596 68
3.47596 69 
3.47755 69
3.47755 70 
3.50209 70
3.50209 71 
3.50288 71
3.50288 72 
3.51572 72
3.51572 73 
3.52311 73
3.52311 74 
3.52371 74
3.52371 75 
3.52643 75
3.52643 76 
3.52721 76
3.52721 77 
3.53874 77
3.53874 78 
3.54291 78
3.54291 79 
3.54452 79
3.54452 80 
3.54525 80
3.54525 81 
3.54631 81
3.54631 82 
3.54699 82
3.54699 83 
3.55967 83
3.55967 84 
3.56385 84
3.56385 85 
3.60133 85
3.60133 86 
3.60428 86
3.60428 87 
3.6077 87
3.6077 88 
3.61404 88
3.61404 89 
3.62136 89
3.62136 90 
3.6261 90
3.6261 91 
3.62948 91
3.62948 92 
3.63323 92
3.63323 93 
3.63821 93
3.63821 94 
3.64987 94
3.64987 95 
3.65153 95
3.65153 96 
3.66281 96
3.66281 97 
3.67445 97
3.67445 98 
3.67657 98
3.67657 99 
3.68454 99
3.68454 100 
3.68589 100
3.68589 101 
3.69124 101
3.69124 102 
3.69605 102
3.69605 103 
3.69704 103
3.69704 104 
3.69799 104
3.69799 105 
3.70128 105
3.70128 106 
3.71505 106
3.71505 107 
3.71559 107
3.71559 108 
3.71762 108
3.71762 109 
3.72832 109
3.72832 110 
3.72898 110
3.72898 111 
3.73092 111
3.73092 112 
3.7317 112
3.7317 113 
3.74002 113
3.74002 114 
3.74548 114
3.74548 115 
3.74764 115
3.74764 116 
3.75569 116
3.75569 117 
3.75582 117
3.75582 118 
3.76491 118
3.76491 119 
3.76532 119
3.76532 120 
3.78671 120
3.78671 121 
3.79302 121
3.79302 122 
3.79685 122
3.79685 123 
3.7988 123
3.7988 124 
3.8061 124
3.8061 125 
3.81048 125
3.81048 126 
3.81049 126
3.81049 127 
3.81354 127
3.81354 128 
3.81503 128
3.81503 129 
3.81558 129
3.81558 130 
3.82601 130
3.82601 131 
3.82763 131
3.82763 132 
3.828 132
3.828 133 
3.8282 133
3.8282 134 
3.83585 134
3.83585 135 
3.83695 135
3.83695 136 
3.83721 136
3.83721 137 
3.84069 137
3.84069 138 
3.84655 138
3.84655 139 
3.84731 139
3.84731 140 
3.85089 140
3.85089 141 
3.85177 141
3.85177 142 
3.85759 142
3.85759 143 
3.86326 143
3.86326 144 
3.87409 144
3.87409 145 
3.8753 145
3.8753 146 
3.87867 146
3.87867 147 
3.8839 147
3.8839 148 
3.88846 148
3.88846 149 
3.88957 149
3.88957 150 
3.89556 150
3.89556 151 
3.89564 151
3.89564 152 
3.89732 152
3.89732 153 
3.90478 153
3.90478 154 
3.91288 154
3.91288 155 
3.92775 155
3.92775 156 
3.92791 156
3.92791 157 
3.92924 157
3.92924 158 
3.93015 158
3.93015 159 
3.93975 159
3.93975 160 
3.9439 160
3.9439 161 
3.94814 161
3.94814 162 
3.94989 162
3.94989 163 
3.96101 163
3.96101 164 
3.9625 164
3.9625 165 
3.9679 165
3.9679 166 
3.96826 166
3.96826 167 
3.97 167
3.97 168 
3.97213 168
3.97213 169 
3.9724 169
3.9724 170 
3.97381 170
3.97381 171 
3.97393 171
3.97393 172 
3.97629 172
3.97629 173 
3.97882 173
3.97882 174 
3.97934 174
3.97934 175 
3.97953 175
3.97953 176 
3.98411 176
3.98411 177 
3.98602 177
3.98602 178 
3.99421 178
3.99421 179 
3.99448 179
3.99448 180 
3.99992 180
3.99992 181 
4.00178 181
4.00178 182 
4.0024 182
4.0024 183 
4.0049 183
4.0049 184 
4.01023 184
4.01023 185 
4.01098 185
4.01098 186 
4.01174 186
4.01174 187 
4.01645 187
4.01645 188 
4.01743 188
4.01743 189 
4.01877 189
4.01877 190 
4.01989 190
4.01989 191 
4.02387 191
4.02387 192 
4.02579 192
4.02579 193 
4.02657 193
4.02657 194 
4.02896 194
4.02896 195 
4.03329 195
4.03329 196 
4.03509 196
4.03509 197 
4.04082 197
4.04082 198 
4.04159 198
4.04159 199 
4.05296 199
4.05296 200 
4.05497 200
4.05497 201 
4.05547 201
4.05547 202 
4.05808 202
4.05808 203 
4.05834 203
4.05834 204 
4.06489 204
4.06489 205 
4.07212 205
4.07212 206 
4.07471 206
4.07471 207 
4.07737 207
4.07737 208 
4.08779 208
4.08779 209 
4.08799 209
4.08799 210 
4.08874 210
4.08874 211 
4.08942 211
4.08942 212 
4.08981 212
4.08981 213 
4.0941 213
4.0941 214 
4.0953 214
4.0953 215 
4.0954 215
4.0954 216 
4.09691 216
4.09691 217 
4.09791 217
4.09791 218 
4.10358 218
4.10358 219 
4.10465 219
4.10465 220 
4.10677 220
4.10677 221 
4.10866 221
4.10866 222 
4.11009 222
4.11009 223 
4.11622 223
4.11622 224 
4.11701 224
4.11701 225 
4.12111 225
4.12111 226 
4.12954 226
4.12954 227 
4.13016 227
4.13016 228 
4.13547 228
4.13547 229 
4.13676 229
4.13676 230 
4.14295 230
4.14295 231 
4.14394 231
4.14394 232 
4.14426 232
4.14426 233 
4.14612 233
4.14612 234 
4.14744 234
4.14744 235 
4.14802 235
4.14802 236 
4.14821 236
4.14821 237 
4.14915 237
4.14915 238 
4.15149 238
4.15149 239 
4.15326 239
4.15326 240 
4.15428 240
4.15428 241 
4.15669 241
4.15669 242 
4.16061 242
4.16061 243 
4.16213 243
4.16213 244 
4.1636 244
4.1636 245 
4.16579 245
4.16579 246 
4.16677 246
4.16677 247 
4.16884 247
4.16884 248 
4.17093 248
4.17093 249 
4.17215 249
4.17215 250 
4.17236 250
4.17236 251 
4.17716 251
4.17716 252 
4.1789 252
4.1789 253 
4.1814 253
4.1814 254 
4.18382 254
4.18382 255 
4.18645 255
4.18645 256 
4.19077 256
4.19077 257 
4.19129 257
4.19129 258 
4.19146 258
4.19146 259 
4.19445 259
4.19445 260 
4.19714 260
4.19714 261 
4.20049 261
4.20049 262 
4.20752 262
4.20752 263 
4.20787 263
4.20787 264 
4.20853 264
4.20853 265 
4.20964 265
4.20964 266 
4.21027 266
4.21027 267 
4.2111 267
4.2111 268 
4.21115 268
4.21115 269 
4.21137 269
4.21137 270 
4.21451 270
4.21451 271 
4.21766 271
4.21766 272 
4.2178 272
4.2178 273 
4.21835 273
4.21835 274 
4.21839 274
4.21839 275 
4.21889 275
4.21889 276 
4.22379 276
4.22379 277 
4.22588 277
4.22588 278 
4.23101 278
4.23101 279 
4.23188 279
4.23188 280 
4.233 280
4.233 281 
4.23326 281
4.23326 282 
4.23384 282
4.23384 283 
4.234 283
4.234 284 
4.23426 284
4.23426 285 
4.23475 285
4.23475 286 
4.23711 286
4.23711 287 
4.23879 287
4.23879 288 
4.23911 288
4.23911 289 
4.24102 289
4.24102 290 
4.24286 290
4.24286 291 
4.24299 291
4.24299 292 
4.24366 292
4.24366 293 
4.25069 293
4.25069 294 
4.25088 294
4.25088 295 
4.25706 295
4.25706 296 
4.25871 296
4.25871 297 
4.25942 297
4.25942 298 
4.25953 298
4.25953 299 
4.26323 299
4.26323 300 
4.26461 300
4.26461 301 
4.26706 301
4.26706 302 
4.26747 302
4.26747 303 
4.26884 303
4.26884 304 
4.27609 304
4.27609 305 
4.27816 305
4.27816 306 
4.28072 306
4.28072 307 
4.28667 307
4.28667 308 
4.28679 308
4.28679 309 
4.28703 309
4.28703 310 
4.28818 310
4.28818 311 
4.28847 311
4.28847 312 
4.28943 312
4.28943 313 
4.29048 313
4.29048 314 
4.29698 314
4.29698 315 
4.30459 315
4.30459 316 
4.30506 316
4.30506 317 
4.30793 317
4.30793 318 
4.31302 318
4.31302 319 
4.3134 319
4.3134 320 
4.31485 320
4.31485 321 
4.31601 321
4.31601 322 
4.32921 322
4.32921 323 
4.3298 323
4.3298 324 
4.33393 324
4.33393 325 
4.33491 325
4.33491 326 
4.335 326
4.335 327 
4.3377 327
4.3377 328 
4.34153 328
4.34153 329 
4.34461 329
4.34461 330 
4.34932 330
4.34932 331 
4.35169 331
4.35169 332 
4.35181 332
4.35181 333 
4.3529 333
4.3529 334 
4.354 334
4.354 335 
4.35658 335
4.35658 336 
4.35713 336
4.35713 337 
4.35734 337
4.35734 338 
4.35828 338
4.35828 339 
4.36324 339
4.36324 340 
4.36612 340
4.36612 341 
4.36649 341
4.36649 342 
4.36672 342
4.36672 343 
4.36861 343
4.36861 344 
4.36908 344
4.36908 345 
4.36946 345
4.36946 346 
4.37221 346
4.37221 347 
4.37284 347
4.37284 348 
4.37727 348
4.37727 349 
4.37779 349
4.37779 350 
4.37942 350
4.37942 351 
4.38117 351
4.38117 352 
4.38389 352
4.38389 353 
4.38403 353
4.38403 354 
4.38568 354
4.38568 355 
4.38591 355
4.38591 356 
4.38661 356
4.38661 357 
4.38682 357
4.38682 358 
4.39111 358
4.39111 359 
4.39387 359
4.39387 360 
4.39605 360
4.39605 361 
4.39645 361
4.39645 362 
4.39753 362
4.39753 363 
4.39972 363
4.39972 364 
4.40352 364
4.40352 365 
4.40476 365
4.40476 366 
4.40804 366
4.40804 367 
4.40885 367
4.40885 368 
4.4095 368
4.4095 369 
4.41012 369
4.41012 370 
4.41353 370
4.41353 371 
4.41408 371
4.41408 372 
4.41793 372
4.41793 373 
4.41801 373
4.41801 374 
4.41891 374
4.41891 375 
4.42046 375
4.42046 376 
4.42223 376
4.42223 377 
4.42261 377
4.42261 378 
4.42483 378
4.42483 379 
4.42877 379
4.42877 380 
4.42955 380
4.42955 381 
4.43007 381
4.43007 382 
4.43057 382
4.43057 383 
4.43325 383
4.43325 384 
4.43338 384
4.43338 385 
4.43406 385
4.43406 386 
4.43507 386
4.43507 387 
4.43678 387
4.43678 388 
4.44182 388
4.44182 389 
4.44516 389
4.44516 390 
4.45612 390
4.45612 391 
4.45631 391
4.45631 392 
4.45788 392
4.45788 393 
4.46209 393
4.46209 394 
4.46451 394
4.46451 395 
4.46504 395
4.46504 396 
4.46505 396
4.46505 397 
4.46572 397
4.46572 398 
4.46631 398
4.46631 399 
4.46857 399
4.46857 400 
4.47087 400
4.47087 401 
4.47379 401
4.47379 402 
4.47396 402
4.47396 403 
4.47476 403
4.47476 404 
4.48322 404
4.48322 405 
4.48452 405
4.48452 406 
4.48772 406
4.48772 407 
4.488 407
4.488 408 
4.49642 408
4.49642 409 
4.4982 409
4.4982 410 
4.49953 410
4.49953 411 
4.50007 411
4.50007 412 
4.50376 412
4.50376 413 
4.50786 413
4.50786 414 
4.50819 414
4.50819 415 
4.51015 415
4.51015 416 
4.51072 416
4.51072 417 
4.51545 417
4.51545 418 
4.51586 418
4.51586 419 
4.51603 419
4.51603 420 
4.51616 420
4.51616 421 
4.51656 421
4.51656 422 
4.51702 422
4.51702 423 
4.51786 423
4.51786 424 
4.52089 424
4.52089 425 
4.52105 425
4.52105 426 
4.52234 426
4.52234 427 
4.52447 427
4.52447 428 
4.52616 428
4.52616 429 
4.52736 429
4.52736 430 
4.52761 430
4.52761 431 
4.52814 431
4.52814 432 
4.53475 432
4.53475 433 
4.53613 433
4.53613 434 
4.53731 434
4.53731 435 
4.53897 435
4.53897 436 
4.54348 436
4.54348 437 
4.54414 437
4.54414 438 
4.54747 438
4.54747 439 
4.54756 439
4.54756 440 
4.55158 440
4.55158 441 
4.55213 441
4.55213 442 
4.55404 442
4.55404 443 
4.55478 443
4.55478 444 
4.55632 444
4.55632 445 
4.55725 445
4.55725 446 
4.55992 446
4.55992 447 
4.56004 447
4.56004 448 
4.56078 448
4.56078 449 
4.56588 449
4.56588 450 
4.56726 450
4.56726 451 
4.56861 451
4.56861 452 
4.5694 452
4.5694 453 
4.56973 453
4.56973 454 
4.57106 454
4.57106 455 
4.57176 455
4.57176 456 
4.58277 456
4.58277 457 
4.58573 457
4.58573 458 
4.58612 458
4.58612 459 
4.58758 459
4.58758 460 
4.58836 460
4.58836 461 
4.59116 461
4.59116 462 
4.59433 462
4.59433 463 
4.59506 463
4.59506 464 
4.59813 464
4.59813 465 
4.59934 465
4.59934 466 
4.59948 466
4.59948 467 
4.59963 467
4.59963 468 
4.6001 468
4.6001 469 
4.60018 469
4.60018 470 
4.60044 470
4.60044 471 
4.60083 471
4.60083 472 
4.60361 472
4.60361 473 
4.60422 473
4.60422 474 
4.6115 474
4.6115 475 
4.61407 475
4.61407 476 
4.61601 476
4.61601 477 
4.61734 477
4.61734 478 
4.61847 478
4.61847 479 
4.61855 479
4.61855 480 
4.61891 480
4.61891 481 
4.61938 481
4.61938 482 
4.62031 482
4.62031 483 
4.6231 483
4.6231 484 
4.6233 484
4.6233 485 
4.62344 485
4.62344 486 
4.62427 486
4.62427 487 
4.6251 487
4.6251 488 
4.62555 488
4.62555 489 
4.62784 489
4.62784 490 
4.62953 490
4.62953 491 
4.63335 491
4.63335 492 
4.63559 492
4.63559 493 
4.64135 493
4.64135 494 
4.64183 494
4.64183 495 
4.6439 495
4.6439 496 
4.64491 496
4.64491 497 
4.64683 497
4.64683 498 
4.64752 498
4.64752 499 
4.65091 499
4.65091 500 
4.65436 500
4.65436 501 
4.65728 501
4.65728 502 
4.65827 502
4.65827 503 
4.65924 503
4.65924 504 
4.66654 504
4.66654 505 
4.66713 505
4.66713 506 
4.6686 506
4.6686 507 
4.66964 507
4.66964 508 
4.66986 508
4.66986 509 
4.67117 509
4.67117 510 
4.67394 510
4.67394 511 
4.67402 511
4.67402 512 
4.67413 512
4.67413 513 
4.67527 513
4.67527 514 
4.67573 514
4.67573 515 
4.67748 515
4.67748 516 
4.67881 516
4.67881 517 
4.67921 517
4.67921 518 
4.67988 518
4.67988 519 
4.6819 519
4.6819 520 
4.68236 520
4.68236 521 
4.68451 521
4.68451 522 
4.68481 522
4.68481 523 
4.68805 523
4.68805 524 
4.69105 524
4.69105 525 
4.69321 525
4.69321 526 
4.69691 526
4.69691 527 
4.70082 527
4.70082 528 
4.70142 528
4.70142 529 
4.70144 529
4.70144 530 
4.7032 530
4.7032 531 
4.70377 531
4.70377 532 
4.70859 532
4.70859 533 
4.70921 533
4.70921 534 
4.71003 534
4.71003 535 
4.71292 535
4.71292 536 
4.71414 536
4.71414 537 
4.71489 537
4.71489 538 
4.71567 538
4.71567 539 
4.71768 539
4.71768 540 
4.71849 540
4.71849 541 
4.72056 541
4.72056 542 
4.72112 542
4.72112 543 
4.72366 543
4.72366 544 
4.72368 544
4.72368 545 
4.72539 545
4.72539 546 
4.72587 546
4.72587 547 
4.72788 547
4.72788 548 
4.72954 548
4.72954 549 
4.72956 549
4.72956 550 
4.73014 550
4.73014 551 
4.73049 551
4.73049 552 
4.73296 552
4.73296 553 
4.73296 553
4.73296 554 
4.73337 554
4.73337 555 
4.73515 555
4.73515 556 
4.73573 556
4.73573 557 
4.73842 557
4.73842 558 
4.74139 558
4.74139 559 
4.74159 559
4.74159 560 
4.74302 560
4.74302 561 
4.74368 561
4.74368 562 
4.75155 562
4.75155 563 
4.75201 563
4.75201 564 
4.75236 564
4.75236 565 
4.75392 565
4.75392 566 
4.75438 566
4.75438 567 
4.75492 567
4.75492 568 
4.75774 568
4.75774 569 
4.75807 569
4.75807 570 
4.75982 570
4.75982 571 
4.76141 571
4.76141 572 
4.76509 572
4.76509 573 
4.76697 573
4.76697 574 
4.77383 574
4.77383 575 
4.77383 575
4.77383 576 
4.77628 576
4.77628 577 
4.78436 577
4.78436 578 
4.78541 578
4.78541 579 
4.78753 579
4.78753 580 
4.79121 580
4.79121 581 
4.79281 581
4.79281 582 
4.79552 582
4.79552 583 
4.79661 583
4.79661 584 
4.79918 584
4.79918 585 
4.80062 585
4.80062 586 
4.80332 586
4.80332 587 
4.80369 587
4.80369 588 
4.80407 588
4.80407 589 
4.80518 589
4.80518 590 
4.80569 590
4.80569 591 
4.80827 591
4.80827 592 
4.81465 592
4.81465 593 
4.81515 593
4.81515 594 
4.81568 594
4.81568 595 
4.81733 595
4.81733 596 
4.81911 596
4.81911 597 
4.8216 597
4.8216 598 
4.82188 598
4.82188 599 
4.82242 599
4.82242 600 
4.82989 600
4.82989 601 
4.83018 601
4.83018 602 
4.83046 602
4.83046 603 
4.83054 603
4.83054 604 
4.8316 604
4.8316 605 
4.83484 605
4.83484 606 
4.83546 606
4.83546 607 
4.83751 607
4.83751 608 
4.83782 608
4.83782 609 
4.83882 609
4.83882 610 
4.83986 610
4.83986 611 
4.84197 611
4.84197 612 
4.84333 612
4.84333 613 
4.84429 613
4.84429 614 
4.8447 614
4.8447 615 
4.84636 615
4.84636 616 
4.84866 616
4.84866 617 
4.84886 617
4.84886 618 
4.85521 618
4.85521 619 
4.85629 619
4.85629 620 
4.85684 620
4.85684 621 
4.85994 621
4.85994 622 
4.86427 622
4.86427 623 
4.87012 623
4.87012 624 
4.87027 624
4.87027 625 
4.87081 625
4.87081 626 
4.87165 626
4.87165 627 
4.87199 627
4.87199 628 
4.87209 628
4.87209 629 
4.87292 629
4.87292 630 
4.87541 630
4.87541 631 
4.87938 631
4.87938 632 
4.88017 632
4.88017 633 
4.88361 633
4.88361 634 
4.88547 634
4.88547 635 
4.88564 635
4.88564 636 
4.88708 636
4.88708 637 
4.8895 637
4.8895 638 
4.89393 638
4.89393 639 
4.89636 639
4.89636 640 
4.89667 640
4.89667 641 
4.89807 641
4.89807 642 
4.89909 642
4.89909 643 
4.90111 643
4.90111 644 
4.90332 644
4.90332 645 
4.90402 645
4.90402 646 
4.9062 646
4.9062 647 
4.9069 647
4.9069 648 
4.90989 648
4.90989 649 
4.91144 649
4.91144 650 
4.91165 650
4.91165 651 
4.91336 651
4.91336 652 
4.91459 652
4.91459 653 
4.91679 653
4.91679 654 
4.91999 654
4.91999 655 
4.92099 655
4.92099 656 
4.92393 656
4.92393 657 
4.92445 657
4.92445 658 
4.92594 658
4.92594 659 
4.92708 659
4.92708 660 
4.9277 660
4.9277 661 
4.92895 661
4.92895 662 
4.93009 662
4.93009 663 
4.93038 663
4.93038 664 
4.93119 664
4.93119 665 
4.93287 665
4.93287 666 
4.93421 666
4.93421 667 
4.93448 667
4.93448 668 
4.93653 668
4.93653 669 
4.94068 669
4.94068 670 
4.94117 670
4.94117 671 
4.94127 671
4.94127 672 
4.94263 672
4.94263 673 
4.94734 673
4.94734 674 
4.9476 674
4.9476 675 
4.94981 675
4.94981 676 
4.95072 676
4.95072 677 
4.95314 677
4.95314 678 
4.95455 678
4.95455 679 
4.95482 679
4.95482 680 
4.95556 680
4.95556 681 
4.95687 681
4.95687 682 
4.96157 682
4.96157 683 
4.96304 683
4.96304 684 
4.96758 684
4.96758 685 
4.96803 685
4.96803 686 
4.96872 686
4.96872 687 
4.96873 687
4.96873 688 
4.96932 688
4.96932 689 
4.97022 689
4.97022 690 
4.97048 690
4.97048 691 
4.97054 691
4.97054 692 
4.97208 692
4.97208 693 
4.97317 693
4.97317 694 
4.97383 694
4.97383 695 
4.9773 695
4.9773 696 
4.97875 696
4.97875 697 
4.97903 697
4.97903 698 
4.97931 698
4.97931 699 
4.98084 699
4.98084 700 
4.98114 700
4.98114 701 
4.98276 701
4.98276 702 
4.983 702
4.983 703 
4.98348 703
4.98348 704 
4.9844 704
4.9844 705 
4.98456 705
4.98456 706 
4.99385 706
4.99385 707 
4.99478 707
4.99478 708 
4.99605 708
4.99605 709 
4.99609 709
4.99609 710 
4.99684 710
4.99684 711 
5.00376 711
5.00376 712 
5.00395 712
5.00395 713 
5.00412 713
5.00412 714 
5.00495 714
5.00495 715 
5.00696 715
5.00696 716 
5.00742 716
5.00742 717 
5.00931 717
5.00931 718 
5.01047 718
5.01047 719 
5.01105 719
5.01105 720 
5.0113 720
5.0113 721 
5.01397 721
5.01397 722 
5.01464 722
5.01464 723 
5.01488 723
5.01488 724 
5.01602 724
5.01602 725 
5.01741 725
5.01741 726 
5.01786 726
5.01786 727 
5.01958 727
5.01958 728 
5.02065 728
5.02065 729 
5.02809 729
5.02809 730 
5.0294 730
5.0294 731 
5.03191 731
5.03191 732 
5.03389 732
5.03389 733 
5.03483 733
5.03483 734 
5.03547 734
5.03547 735 
5.03617 735
5.03617 736 
5.03826 736
5.03826 737 
5.03944 737
5.03944 738 
5.03989 738
5.03989 739 
5.04025 739
5.04025 740 
5.0442 740
5.0442 741 
5.04841 741
5.04841 742 
5.0528 742
5.0528 743 
5.05314 743
5.05314 744 
5.05339 744
5.05339 745 
5.0542 745
5.0542 746 
5.05453 746
5.05453 747 
5.05647 747
5.05647 748 
5.05858 748
5.05858 749 
5.06015 749
5.06015 750 
5.06202 750
5.06202 751 
5.06244 751
5.06244 752 
5.06287 752
5.06287 753 
5.06697 753
5.06697 754 
5.06789 754
5.06789 755 
5.07159 755
5.07159 756 
5.0726 756
5.0726 757 
5.07387 757
5.07387 758 
5.07433 758
5.07433 759 
5.07508 759
5.07508 760 
5.07577 760
5.07577 761 
5.08144 761
5.08144 762 
5.08278 762
5.08278 763 
5.08501 763
5.08501 764 
5.08613 764
5.08613 765 
5.08723 765
5.08723 766 
5.08809 766
5.08809 767 
5.08816 767
5.08816 768 
5.08823 768
5.08823 769 
5.08889 769
5.08889 770 
5.0941 770
5.0941 771 
5.09614 771
5.09614 772 
5.09643 772
5.09643 773 
5.1021 773
5.1021 774 
5.10244 774
5.10244 775 
5.10326 775
5.10326 776 
5.10554 776
5.10554 777 
5.10615 777
5.10615 778 
5.10626 778
5.10626 779 
5.10774 779
5.10774 780 
5.10778 780
5.10778 781 
5.10784 781
5.10784 782 
5.10952 782
5.10952 783 
5.11007 783
5.11007 784 
5.11022 784
5.11022 785 
5.11264 785
5.11264 786 
5.11525 786
5.11525 787 
5.1222 787
5.1222 788 
5.12293 788
5.12293 789 
5.12351 789
5.12351 790 
5.12647 790
5.12647 791 
5.12749 791
5.12749 792 
5.12851 792
5.12851 793 
5.12868 793
5.12868 794 
5.13136 794
5.13136 795 
5.13171 795
5.13171 796 
5.13188 796
5.13188 797 
5.1331 797
5.1331 798 
5.13365 798
5.13365 799 
5.13544 799
5.13544 800 
5.136 800
5.136 801 
5.13993 801
5.13993 802 
5.1409 802
5.1409 803 
5.14095 803
5.14095 804 
5.14214 804
5.14214 805 
5.14404 805
5.14404 806 
5.14484 806
5.14484 807 
5.14579 807
5.14579 808 
5.15248 808
5.15248 809 
5.15352 809
5.15352 810 
5.15428 810
5.15428 811 
5.15445 811
5.15445 812 
5.15926 812
5.15926 813 
5.15994 813
5.15994 814 
5.16067 814
5.16067 815 
5.1645 815
5.1645 816 
5.16509 816
5.16509 817 
5.16516 817
5.16516 818 
5.16731 818
5.16731 819 
5.16748 819
5.16748 820 
5.16936 820
5.16936 821 
5.16986 821
5.16986 822 
5.17016 822
5.17016 823 
5.17065 823
5.17065 824 
5.17549 824
5.17549 825 
5.17555 825
5.17555 826 
5.17568 826
5.17568 827 
5.17826 827
5.17826 828 
5.1831 828
5.1831 829 
5.18325 829
5.18325 830 
5.18349 830
5.18349 831 
5.18417 831
5.18417 832 
5.18774 832
5.18774 833 
5.18959 833
5.18959 834 
5.19111 834
5.19111 835 
5.19257 835
5.19257 836 
5.19419 836
5.19419 837 
5.19872 837
5.19872 838 
5.19946 838
5.19946 839 
5.20528 839
5.20528 840 
5.20838 840
5.20838 841 
5.20874 841
5.20874 842 
5.20965 842
5.20965 843 
5.21096 843
5.21096 844 
5.2115 844
5.2115 845 
5.21246 845
5.21246 846 
5.21774 846
5.21774 847 
5.22062 847
5.22062 848 
5.22069 848
5.22069 849 
5.22106 849
5.22106 850 
5.22518 850
5.22518 851 
5.22708 851
5.22708 852 
5.22721 852
5.22721 853 
5.23131 853
5.23131 854 
5.23487 854
5.23487 855 
5.23556 855
5.23556 856 
5.23713 856
5.23713 857 
5.23911 857
5.23911 858 
5.24344 858
5.24344 859 
5.24364 859
5.24364 860 
5.24582 860
5.24582 861 
5.24602 861
5.24602 862 
5.2482 862
5.2482 863 
5.24921 863
5.24921 864 
5.25089 864
5.25089 865 
5.25449 865
5.25449 866 
5.25619 866
5.25619 867 
5.25734 867
5.25734 868 
5.25832 868
5.25832 869 
5.25884 869
5.25884 870 
5.25937 870
5.25937 871 
5.26047 871
5.26047 872 
5.26109 872
5.26109 873 
5.26261 873
5.26261 874 
5.26457 874
5.26457 875 
5.26823 875
5.26823 876 
5.27292 876
5.27292 877 
5.27301 877
5.27301 878 
5.27483 878
5.27483 879 
5.27517 879
5.27517 880 
5.27683 880
5.27683 881 
5.27759 881
5.27759 882 
5.27967 882
5.27967 883 
5.28471 883
5.28471 884 
5.28835 884
5.28835 885 
5.29195 885
5.29195 886 
5.29257 886
5.29257 887 
5.29281 887
5.29281 888 
5.29641 888
5.29641 889 
5.3021 889
5.3021 890 
5.30295 890
5.30295 891 
5.30651 891
5.30651 892 
5.30887 892
5.30887 893 
5.31213 893
5.31213 894 
5.32061 894
5.32061 895 
5.32066 895
5.32066 896 
5.32389 896
5.32389 897 
5.32512 897
5.32512 898 
5.3256 898
5.3256 899 
5.32843 899
5.32843 900 
5.32915 900
5.32915 901 
5.33274 901
5.33274 902 
5.33417 902
5.33417 903 
5.33648 903
5.33648 904 
5.34357 904
5.34357 905 
5.34495 905
5.34495 906 
5.34647 906
5.34647 907 
5.34878 907
5.34878 908 
5.3493 908
5.3493 909 
5.35167 909
5.35167 910 
5.35168 910
5.35168 911 
5.35276 911
5.35276 912 
5.35282 912
5.35282 913 
5.35298 913
5.35298 914 
5.35312 914
5.35312 915 
5.36074 915
5.36074 916 
5.36753 916
5.36753 917 
5.36826 917
5.36826 918 
5.37047 918
5.37047 919 
5.37235 919
5.37235 920 
5.37484 920
5.37484 921 
5.37652 921
5.37652 922 
5.37937 922
5.37937 923 
5.38812 923
5.38812 924 
5.39343 924
5.39343 925 
5.397 925
5.397 926 
5.40344 926
5.40344 927 
5.40471 927
5.40471 928 
5.40759 928
5.40759 929 
5.41282 929
5.41282 930 
5.41497 930
5.41497 931 
5.41876 931
5.41876 932 
5.42242 932
5.42242 933 
5.42341 933
5.42341 934 
5.42622 934
5.42622 935 
5.42715 935
5.42715 936 
5.42757 936
5.42757 937 
5.42845 937
5.42845 938 
5.42877 938
5.42877 939 
5.43005 939
5.43005 940 
5.43112 940
5.43112 941 
5.43529 941
5.43529 942 
5.43686 942
5.43686 943 
5.43698 943
5.43698 944 
5.44038 944
5.44038 945 
5.44141 945
5.44141 946 
5.44237 946
5.44237 947 
5.44279 947
5.44279 948 
5.44515 948
5.44515 949 
5.44552 949
5.44552 950 
5.45173 950
5.45173 951 
5.45419 951
5.45419 952 
5.45692 952
5.45692 953 
5.46329 953
5.46329 954 
5.46528 954
5.46528 955 
5.46559 955
5.46559 956 
5.46822 956
5.46822 957 
5.47137 957
5.47137 958 
5.47373 958
5.47373 959 
5.47427 959
5.47427 960 
5.47468 960
5.47468 961 
5.47701 961
5.47701 962 
5.47858 962
5.47858 963 
5.47901 963
5.47901 964 
5.47979 964
5.47979 965 
5.48117 965
5.48117 966 
5.48237 966
5.48237 967 
5.48962 967
5.48962 968 
5.49027 968
5.49027 969 
5.49545 969
5.49545 970 
5.50793 970
5.50793 971 
5.51371 971
5.51371 972 
5.51412 972
5.51412 973 
5.51539 973
5.51539 974 
5.5167 974
5.5167 975 
5.51804 975
5.51804 976 
5.52141 976
5.52141 977 
5.52245 977
5.52245 978 
5.52257 978
5.52257 979 
5.5259 979
5.5259 980 
5.53033 980
5.53033 981 
5.53664 981
5.53664 982 
5.5408 982
5.5408 983 
5.54564 983
5.54564 984 
5.54674 984
5.54674 985 
5.54941 985
5.54941 986 
5.55443 986
5.55443 987 
5.55466 987
5.55466 988 
5.55578 988
5.55578 989 
5.55785 989
5.55785 990 
5.56131 990
5.56131 991 
5.56351 991
5.56351 992 
5.56495 992
5.56495 993 
5.56708 993
5.56708 994 
5.56759 994
5.56759 995 
5.56771 995
5.56771 996 
5.56829 996
5.56829 997 
5.57084 997
5.57084 998 
5.57206 998
5.57206 999 
5.57468 999
5.57468 1000 
5.57539 1000
5.57539 1001 
5.57934 1001
5.57934 1002 
5.58152 1002
5.58152 1003 
5.58432 1003
5.58432 1004 
5.58624 1004
5.58624 1005 
5.59109 1005
5.59109 1006 
5.59431 1006
5.59431 1007 
5.59608 1007
5.59608 1008 
5.59722 1008
5.59722 1009 
5.60011 1009
5.60011 1010 
5.60083 1010
5.60083 1011 
5.60123 1011
5.60123 1012 
5.60283 1012
5.60283 1013 
5.60289 1013
5.60289 1014 
5.60554 1014
5.60554 1015 
5.60915 1015
5.60915 1016 
5.60939 1016
5.60939 1017 
5.61065 1017
5.61065 1018 
5.61101 1018
5.61101 1019 
5.61206 1019
5.61206 1020 
5.62096 1020
5.62096 1021 
5.62624 1021
5.62624 1022 
5.6301 1022
5.6301 1023 
5.6475 1023
5.6475 1024 
5.64951 1024
5.64951 1025 
5.65542 1025
5.65542 1026 
5.65933 1026
5.65933 1027 
5.66119 1027
5.66119 1028 
5.66134 1028
5.66134 1029 
5.66672 1029
5.66672 1030 
5.66801 1030
5.66801 1031 
5.66891 1031
5.66891 1032 
5.67403 1032
5.67403 1033 
5.68098 1033
5.68098 1034 
5.68462 1034
5.68462 1035 
5.68918 1035
5.68918 1036 
5.69059 1036
5.69059 1037 
5.70466 1037
5.70466 1038 
5.71983 1038
5.71983 1039 
5.72621 1039
5.72621 1040 
5.72858 1040
5.72858 1041 
5.73343 1041
5.73343 1042 
5.73562 1042
5.73562 1043 
5.73923 1043
5.73923 1044 
5.74839 1044
5.74839 1045 
5.75372 1045
5.75372 1046 
5.76782 1046
5.76782 1047 
5.76808 1047
5.76808 1048 
5.76857 1048
5.76857 1049 
5.77194 1049
5.77194 1050 
5.77387 1050
5.77387 1051 
5.77487 1051
5.77487 1052 
5.77955 1052
5.77955 1053 
5.7861 1053
5.7861 1054 
5.79126 1054
5.79126 1055 
5.80795 1055
5.80795 1056 
5.80997 1056
5.80997 1057 
5.81722 1057
5.81722 1058 
5.85246 1058
5.85246 1059 
5.86518 1059
5.86518 1060 
5.90056 1060
5.90056 1061 
5.90989 1061
5.90989 1062 
5.91183 1062
5.91183 1063 
5.91621 1063
5.91621 1064 
5.92643 1064
5.92643 1065 
5.92717 1065
5.92717 1066 
5.94446 1066
5.94446 1067 
5.99989 1067
5.99989 1068 
6.02897 1068
6.02897 1069 
6.04007 1069
6.04007 1070 
6.04751 1070
6.04751 1071 
6.05638 1071
6.05638 1072 
6.07761 1072
6.07761 1073 
6.11998 1073
6.11998 1074 
6.12087 1074
6.12087 1075 
6.13678 1075
6.13678 1076 
6.19185 1076
6.19185 1077 
6.25717 1077
6.25717 1078 
6.32464 1078
6.32464 1079 
6.49959 1079
6.49959 1080 
